4374, 4755, 4756, 4756, 4755, 5132,
4390, 4767, 4768, 4768, 4767, 5133,
4406, 4779, 4780, 4780, 4779, 5134,
4422, 4791, 4792, 4792, 4791, 5135,
4438, 4803, 4804, 4804, 4803, 5136,
4454, 4815, 4816, 4816, 4815, 5139,
4470, 4827, 4828, 4828, 4827, 5138,
4486, 4839, 4840, 4840, 4839, 5137,
4502, 4756, 4850, 4850, 4756, 5132,
4518, 4861, 4803, 4803, 4861, 5136,
4534, 4840, 4870, 4870, 4840, 5137,
4550, 4881, 4767, 4767, 4881, 5133,
4566, 4768, 4881, 4881, 4768, 5133,
4582, 4870, 4839, 4839, 4870, 5137,
4598, 4828, 4906, 4906, 4828, 5138,
4614, 4917, 4779, 4779, 4917, 5134,
4630, 4780, 4917, 4917, 4780, 5134,
4646, 4906, 4827, 4827, 4906, 5138,
4662, 4816, 4942, 4942, 4816, 5139,
4678, 4953, 4791, 4791, 4953, 5135,
4694, 4804, 4861, 4861, 4804, 5136,
4710, 4850, 4755, 4755, 4850, 5132,
4726, 4792, 4953, 4953, 4792, 5135,
4742, 4942, 4815, 4815, 4942, 5139,
