102, 209, 206, 206, 209, 386,
105, 214, 215, 215, 214, 387,
108, 221, 222, 222, 221, 388,
111, 229, 230, 230, 229, 389,
118, 249, 246, 246, 249, 390,
121, 254, 255, 255, 254, 393,
124, 261, 262, 262, 261, 392,
127, 269, 270, 270, 269, 391,
134, 206, 286, 286, 206, 386,
137, 293, 249, 249, 293, 390,
140, 270, 297, 297, 270, 391,
143, 304, 214, 214, 304, 387,
150, 215, 304, 304, 215, 387,
153, 297, 269, 269, 297, 391,
156, 262, 325, 325, 262, 392,
159, 332, 221, 221, 332, 388,
166, 222, 332, 332, 222, 388,
169, 325, 261, 261, 325, 392,
172, 255, 353, 353, 255, 393,
175, 360, 229, 229, 360, 389,
182, 246, 293, 293, 246, 390,
185, 286, 209, 209, 286, 386,
188, 230, 360, 360, 230, 389,
191, 353, 254, 254, 353, 393,
