5150, 5531, 5532, 5532, 5531, 5908,
5166, 5543, 5544, 5544, 5543, 5909,
5182, 5555, 5556, 5556, 5555, 5910,
5198, 5567, 5568, 5568, 5567, 5911,
5214, 5579, 5580, 5580, 5579, 5912,
5230, 5591, 5592, 5592, 5591, 5915,
5246, 5603, 5604, 5604, 5603, 5914,
5262, 5615, 5616, 5616, 5615, 5913,
5278, 5532, 5626, 5626, 5532, 5908,
5294, 5637, 5579, 5579, 5637, 5912,
5310, 5616, 5646, 5646, 5616, 5913,
5326, 5657, 5543, 5543, 5657, 5909,
5342, 5544, 5657, 5657, 5544, 5909,
5358, 5646, 5615, 5615, 5646, 5913,
5374, 5604, 5682, 5682, 5604, 5914,
5390, 5693, 5555, 5555, 5693, 5910,
5406, 5556, 5693, 5693, 5556, 5910,
5422, 5682, 5603, 5603, 5682, 5914,
5438, 5592, 5718, 5718, 5592, 5915,
5454, 5729, 5567, 5567, 5729, 5911,
5470, 5580, 5637, 5637, 5580, 5912,
5486, 5626, 5531, 5531, 5626, 5908,
5502, 5568, 5729, 5729, 5568, 5911,
5518, 5718, 5591, 5591, 5718, 5915,
