1262, 1651, 1652, 1652, 1651, 2028,
1282, 1663, 1664, 1664, 1663, 2029,
1302, 1675, 1676, 1676, 1675, 2030,
1322, 1688, 1689, 1689, 1688, 2031,
1326, 1699, 1700, 1700, 1699, 2032,
1346, 1711, 1712, 1712, 1711, 2035,
1366, 1723, 1724, 1724, 1723, 2034,
1386, 1736, 1737, 1737, 1736, 2033,
1390, 1652, 1746, 1746, 1652, 2028,
1410, 1757, 1699, 1699, 1757, 2032,
1430, 1737, 1766, 1766, 1737, 2033,
1450, 1778, 1663, 1663, 1778, 2029,
1454, 1664, 1778, 1778, 1664, 2029,
1474, 1766, 1736, 1736, 1766, 2033,
1494, 1724, 1802, 1802, 1724, 2034,
1514, 1814, 1675, 1675, 1814, 2030,
1518, 1676, 1814, 1814, 1676, 2030,
1538, 1802, 1723, 1723, 1802, 2034,
1558, 1712, 1838, 1838, 1712, 2035,
1578, 1850, 1688, 1688, 1850, 2031,
1582, 1700, 1757, 1757, 1700, 2032,
1602, 1746, 1651, 1651, 1746, 2028,
1622, 1689, 1850, 1850, 1689, 2031,
1642, 1838, 1711, 1711, 1838, 2035,
