2822, 3203, 3204, 3204, 3203, 3580,
2838, 3215, 3216, 3216, 3215, 3581,
2854, 3227, 3228, 3228, 3227, 3582,
2870, 3239, 3240, 3240, 3239, 3583,
2886, 3251, 3252, 3252, 3251, 3584,
2902, 3263, 3264, 3264, 3263, 3587,
2918, 3275, 3276, 3276, 3275, 3586,
2934, 3287, 3288, 3288, 3287, 3585,
2950, 3204, 3298, 3298, 3204, 3580,
2966, 3309, 3251, 3251, 3309, 3584,
2982, 3288, 3318, 3318, 3288, 3585,
2998, 3329, 3215, 3215, 3329, 3581,
3014, 3216, 3329, 3329, 3216, 3581,
3030, 3318, 3287, 3287, 3318, 3585,
3046, 3276, 3354, 3354, 3276, 3586,
3062, 3365, 3227, 3227, 3365, 3582,
3078, 3228, 3365, 3365, 3228, 3582,
3094, 3354, 3275, 3275, 3354, 3586,
3110, 3264, 3390, 3390, 3264, 3587,
3126, 3401, 3239, 3239, 3401, 3583,
3142, 3252, 3309, 3309, 3252, 3584,
3158, 3298, 3203, 3203, 3298, 3580,
3174, 3240, 3401, 3401, 3240, 3583,
3190, 3390, 3263, 3263, 3390, 3587,
