91072, 103485, 103486, 103486, 103485, 115894,
91088, 103497, 103498, 103498, 103497, 115895,
91104, 103509, 103510, 103510, 103509, 115896,
91120, 103521, 103522, 103522, 103521, 115897,
91136, 103533, 103534, 103534, 103533, 115898,
91152, 103545, 103546, 103546, 103545, 115899,
91168, 103557, 103558, 103558, 103557, 115900,
91184, 103569, 103570, 103570, 103569, 115900,
91200, 103581, 103582, 103582, 103581, 115901,
91216, 103593, 103594, 103594, 103593, 115902,
91232, 103605, 103606, 103606, 103605, 115902,
91248, 103617, 103618, 103618, 103617, 115898,
91264, 103629, 103630, 103630, 103629, 115903,
91280, 103641, 103642, 103642, 103641, 115904,
91296, 103653, 103617, 103617, 103653, 115898,
91312, 103618, 103533, 103533, 103618, 115898,
91328, 103671, 103672, 103672, 103671, 115905,
91344, 103683, 103684, 103684, 103683, 115906,
91360, 103695, 103696, 103696, 103695, 115907,
91376, 103707, 103708, 103708, 103707, 115905,
91392, 103570, 103557, 103557, 103570, 115900,
91408, 103727, 103728, 103728, 103727, 115908,
91424, 103739, 103740, 103740, 103739, 115909,
91440, 103751, 103752, 103752, 103751, 115910,
91456, 103763, 103764, 103764, 103763, 115911,
91472, 103775, 103776, 103776, 103775, 115912,
91488, 103787, 103788, 103788, 103787, 115913,
91504, 103799, 103545, 103545, 103799, 115899,
91520, 103809, 103569, 103569, 103809, 115900,
91536, 103819, 103820, 103820, 103819, 115911,
91552, 103831, 103581, 103581, 103831, 115901,
91568, 103764, 103840, 103840, 103764, 115911,
91584, 103851, 103852, 103852, 103851, 115914,
91600, 103863, 103707, 103707, 103863, 115905,
91616, 103873, 103874, 103874, 103873, 115915,
91632, 103498, 103884, 103884, 103498, 115895,
91648, 103895, 103896, 103896, 103895, 115916,
91664, 103728, 103906, 103906, 103728, 115908,
91680, 103917, 103918, 103918, 103917, 115917,
91696, 103929, 103930, 103930, 103929, 115895,
91712, 103941, 103942, 103942, 103941, 115918,
91728, 103953, 103954, 103954, 103953, 115919,
91744, 103965, 103966, 103966, 103965, 115920,
91760, 103977, 103978, 103978, 103977, 115921,
91776, 103989, 103990, 103990, 103989, 115922,
91792, 104001, 103485, 103485, 104001, 115894,
91808, 103582, 104010, 104010, 103582, 115901,
91824, 104021, 104022, 104022, 104021, 115923,
91840, 104033, 104034, 104034, 104033, 115924,
91856, 104045, 104046, 104046, 104045, 115925,
91872, 104046, 104056, 104056, 104046, 115925,
91888, 104067, 104068, 104068, 104067, 115926,
91904, 104079, 104080, 104080, 104079, 115927,
91920, 104091, 104092, 104092, 104091, 115928,
91936, 104103, 104104, 104104, 104103, 115929,
91952, 104115, 104116, 104116, 104115, 115930,
91968, 104116, 104126, 104126, 104116, 115930,
91984, 104137, 104138, 104138, 104137, 115931,
92000, 104149, 104150, 104150, 104149, 115932,
92016, 104161, 104149, 104149, 104161, 115932,
92032, 104171, 104172, 104172, 104171, 115933,
92048, 104183, 104184, 104184, 104183, 115934,
92064, 104195, 104196, 104196, 104195, 115935,
92080, 104207, 104208, 104208, 104207, 115935,
92096, 104219, 104220, 104220, 104219, 115936,
92112, 104231, 104045, 104045, 104231, 115925,
92128, 104056, 104240, 104240, 104056, 115925,
92144, 104150, 104250, 104250, 104150, 115932,
92160, 104250, 104260, 104260, 104250, 115932,
92176, 104196, 104270, 104270, 104196, 115935,
92192, 104281, 104282, 104282, 104281, 115924,
92208, 104293, 104294, 104294, 104293, 115937,
92224, 104270, 104207, 104207, 104270, 115935,
92240, 104313, 104314, 104314, 104313, 115938,
92256, 103852, 104324, 104324, 103852, 115914,
92272, 104335, 104336, 104336, 104335, 115896,
92288, 104010, 104346, 104346, 104010, 115901,
92304, 104357, 104358, 104358, 104357, 115931,
92320, 104369, 104370, 104370, 104369, 115939,
92336, 104381, 104382, 104382, 104381, 115940,
92352, 104393, 104219, 104219, 104393, 115936,
92368, 104403, 104293, 104293, 104403, 115937,
92384, 104413, 104414, 104414, 104413, 115941,
92400, 104425, 104413, 104413, 104425, 115941,
92416, 104435, 104381, 104381, 104435, 115940,
92432, 104370, 104444, 104444, 104370, 115939,
92448, 104138, 104357, 104357, 104138, 115931,
92464, 104463, 104464, 104464, 104463, 115942,
92480, 104475, 104476, 104476, 104475, 115926,
92496, 104476, 104486, 104486, 104476, 115926,
92512, 104497, 104498, 104498, 104497, 115923,
92528, 104509, 104510, 104510, 104509, 115943,
92544, 103708, 103671, 103671, 103708, 115905,
92560, 103684, 104528, 104528, 103684, 115906,
92576, 104528, 103683, 103683, 104528, 115906,
92592, 104547, 103953, 103953, 104547, 115919,
92608, 103942, 104556, 104556, 103942, 115918,
92624, 103954, 104547, 104547, 103954, 115919,
92640, 104575, 104576, 104576, 104575, 115944,
92656, 104587, 104588, 104588, 104587, 115918,
92672, 104588, 103941, 103941, 104588, 115918,
92688, 104607, 104335, 104335, 104607, 115896,
92704, 104498, 104021, 104021, 104498, 115923,
92720, 104625, 103629, 103629, 104625, 115903,
92736, 104576, 104634, 104634, 104576, 115944,
92752, 104645, 104646, 104646, 104645, 115945,
92768, 104657, 104658, 104658, 104657, 115946,
92784, 104669, 104670, 104670, 104669, 115897,
92800, 104681, 104682, 104682, 104681, 115947,
92816, 104693, 104625, 104625, 104693, 115903,
92832, 103522, 104669, 104669, 103522, 115897,
92848, 104336, 103509, 103509, 104336, 115896,
92864, 104719, 104720, 104720, 104719, 115947,
92880, 104682, 104730, 104730, 104682, 115947,
92896, 104741, 104657, 104657, 104741, 115946,
92912, 104751, 103521, 103521, 104751, 115897,
92928, 103510, 104607, 104607, 103510, 115896,
92944, 104720, 104681, 104681, 104720, 115947,
92960, 104670, 104751, 104751, 104670, 115897,
92976, 104785, 104645, 104645, 104785, 115945,
92992, 104634, 104575, 104575, 104634, 115944,
93008, 103534, 103653, 103653, 103534, 115898,
93024, 104811, 104812, 104812, 104811, 115948,
93040, 104823, 104824, 104824, 104823, 115949,
93056, 104835, 104836, 104836, 104835, 115950,
93072, 104847, 104848, 104848, 104847, 115951,
93088, 104859, 104860, 104860, 104859, 115952,
93104, 104871, 104872, 104872, 104871, 115953,
93120, 104883, 104884, 104884, 104883, 115948,
93136, 104895, 103739, 103739, 104895, 115909,
93152, 104905, 104906, 104906, 104905, 115954,
93168, 104917, 104918, 104918, 104917, 115955,
93184, 104929, 104930, 104930, 104929, 115956,
93200, 104941, 104942, 104942, 104941, 115957,
93216, 104953, 104954, 104954, 104953, 115958,
93232, 104965, 104966, 104966, 104965, 115959,
93248, 104977, 104978, 104978, 104977, 115956,
93264, 104989, 104990, 104990, 104989, 115953,
93280, 105001, 105002, 105002, 105001, 115960,
93296, 105013, 105014, 105014, 105013, 115961,
93312, 105025, 105026, 105026, 105025, 115962,
93328, 105037, 105038, 105038, 105037, 115963,
93344, 105049, 105050, 105050, 105049, 115964,
93360, 105061, 105062, 105062, 105061, 115965,
93376, 105073, 105074, 105074, 105073, 115966,
93392, 105085, 104905, 104905, 105085, 115954,
93408, 105095, 105096, 105096, 105095, 115967,
93424, 104930, 104977, 104977, 104930, 115956,
93440, 104990, 105114, 105114, 104990, 115953,
93456, 105114, 104871, 104871, 105114, 115953,
93472, 104884, 105132, 105132, 104884, 115948,
93488, 105132, 104811, 104811, 105132, 115948,
93504, 105151, 105061, 105061, 105151, 115965,
93520, 105161, 105151, 105151, 105161, 115965,
93536, 105171, 104883, 104883, 105171, 115948,
93552, 105181, 103751, 103751, 105181, 115910,
93568, 103740, 105190, 105190, 103740, 115909,
93584, 105201, 105181, 105181, 105201, 115910,
93600, 105211, 104895, 104895, 105211, 115909,
93616, 104918, 105220, 105220, 104918, 115955,
93632, 105231, 105211, 105211, 105231, 115909,
93648, 105241, 104989, 104989, 105241, 115953,
93664, 105251, 105252, 105252, 105251, 115968,
93680, 105263, 105264, 105264, 105263, 115910,
93696, 105275, 105251, 105251, 105275, 115968,
93712, 105285, 104929, 104929, 105285, 115956,
93728, 105295, 105285, 105285, 105295, 115956,
93744, 105305, 105306, 105306, 105305, 115967,
93760, 105317, 105318, 105318, 105317, 115968,
93776, 105096, 105305, 105305, 105096, 115967,
93792, 105337, 104859, 104859, 105337, 115952,
93808, 104848, 105346, 105346, 104848, 115951,
93824, 105346, 104847, 104847, 105346, 115951,
93840, 105365, 105366, 105366, 105365, 115969,
93856, 105377, 105378, 105378, 105377, 115970,
93872, 105378, 105388, 105388, 105378, 115970,
93888, 105399, 105400, 105400, 105399, 115971,
93904, 105411, 105412, 105412, 105411, 115972,
93920, 105423, 105424, 105424, 105423, 115973,
93936, 105424, 105434, 105434, 105424, 115973,
93952, 105445, 105446, 105446, 105445, 115974,
93968, 105457, 105399, 105399, 105457, 115971,
93984, 105467, 104965, 104965, 105467, 115959,
94000, 104954, 105476, 105476, 104954, 115958,
94016, 105476, 104953, 104953, 105476, 115958,
94032, 105495, 105496, 105496, 105495, 115975,
94048, 105507, 105508, 105508, 105507, 115976,
94064, 105508, 105518, 105518, 105508, 115976,
94080, 105529, 104835, 104835, 105529, 115950,
94096, 104824, 105538, 105538, 104824, 115949,
94112, 105538, 104823, 104823, 105538, 115949,
94128, 105557, 105558, 105558, 105557, 115977,
94144, 105569, 105570, 105570, 105569, 115978,
94160, 105570, 105580, 105580, 105570, 115978,
94176, 105591, 105592, 105592, 105591, 115962,
94192, 105603, 105604, 105604, 105603, 115938,
94208, 104314, 105614, 105614, 104314, 115938,
94224, 105074, 105624, 105624, 105074, 115966,
94240, 105624, 105634, 105634, 105624, 115966,
94256, 105062, 105644, 105644, 105062, 115965,
94272, 105655, 105073, 105073, 105655, 115966,
94288, 105634, 105655, 105655, 105634, 115966,
94304, 105673, 105674, 105674, 105673, 115961,
94320, 105685, 105686, 105686, 105685, 115979,
94336, 105697, 105698, 105698, 105697, 115980,
94352, 105709, 105685, 105685, 105709, 115979,
94368, 105719, 105037, 105037, 105719, 115963,
94384, 105729, 105049, 105049, 105729, 115964,
94400, 105038, 105719, 105719, 105038, 115963,
94416, 103546, 103799, 103799, 103546, 115899,
94432, 103906, 105754, 105754, 103906, 115908,
94448, 105580, 105569, 105569, 105580, 115978,
94464, 105558, 105772, 105772, 105558, 115977,
94480, 105518, 105507, 105507, 105518, 115976,
94496, 105496, 105790, 105790, 105496, 115975,
94512, 104978, 105295, 105295, 104978, 115956,
94528, 105318, 105275, 105275, 105318, 115968,
94544, 105264, 105201, 105201, 105264, 115910,
94560, 104872, 105241, 105241, 104872, 115953,
94576, 105388, 105377, 105377, 105388, 115970,
94592, 105366, 105840, 105840, 105366, 115969,
94608, 105190, 105231, 105231, 105190, 115909,
94624, 104812, 105171, 105171, 104812, 115948,
94640, 105434, 105423, 105423, 105434, 115973,
94656, 105412, 105874, 105874, 105412, 115972,
94672, 105885, 103787, 103787, 105885, 115913,
94688, 105895, 105591, 105591, 105895, 115962,
94704, 105905, 105697, 105697, 105905, 115980,
94720, 105220, 105914, 105914, 105220, 115955,
94736, 105914, 105924, 105924, 105914, 115955,
94752, 105935, 105673, 105673, 105935, 115961,
94768, 105644, 105161, 105161, 105644, 115965,
94784, 105686, 105709, 105709, 105686, 115979,
94800, 105698, 105905, 105905, 105698, 115980,
94816, 105050, 105729, 105729, 105050, 115964,
94832, 103930, 103497, 103497, 103930, 115895,
94848, 105985, 103695, 103695, 105985, 115907,
94864, 105995, 105996, 105996, 105995, 115981,
94880, 106007, 106008, 106008, 106007, 115982,
94896, 105996, 106018, 106018, 105996, 115981,
94912, 106029, 106030, 106030, 106029, 115983,
94928, 106041, 104091, 104091, 106041, 115928,
94944, 106051, 106007, 106007, 106051, 115982,
94960, 104358, 106060, 106060, 104358, 115931,
94976, 106060, 104137, 104137, 106060, 115931,
94992, 104126, 104115, 104115, 104126, 115930,
95008, 104104, 106086, 106086, 104104, 115929,
95024, 106097, 106098, 106098, 106097, 115984,
95040, 106109, 106110, 106110, 106109, 115985,
95056, 106121, 106097, 106097, 106121, 115984,
95072, 106131, 106132, 106132, 106131, 115914,
95088, 106132, 103851, 103851, 106132, 115914,
95104, 106151, 103977, 103977, 106151, 115921,
95120, 106161, 106162, 106162, 106161, 115907,
95136, 106173, 103989, 103989, 106173, 115922,
95152, 106098, 106182, 106182, 106098, 115984,
95168, 106193, 106109, 106109, 106193, 115985,
95184, 106203, 106204, 106204, 106203, 115986,
95200, 106215, 106203, 106203, 106215, 115986,
95216, 106225, 106226, 106226, 106225, 115987,
95232, 106237, 103965, 103965, 106237, 115920,
95248, 103966, 106237, 106237, 103966, 115920,
95264, 106255, 106121, 106121, 106255, 115984,
95280, 106226, 106264, 106264, 106226, 115987,
95296, 106204, 106215, 106215, 106204, 115986,
95312, 106110, 106193, 106193, 106110, 115985,
95328, 106291, 103727, 103727, 106291, 115908,
95344, 103558, 103809, 103809, 103558, 115900,
95360, 103486, 104001, 104001, 103486, 115894,
95376, 104556, 104587, 104587, 104556, 115918,
95392, 104324, 106131, 106131, 104324, 115914,
95408, 106333, 106151, 106151, 106333, 115921,
95424, 106264, 106225, 106225, 106264, 115987,
95440, 106351, 106333, 106333, 106351, 115921,
95456, 106361, 106362, 106362, 106361, 115988,
95472, 106373, 106374, 106374, 106373, 115989,
95488, 106362, 106384, 106384, 106362, 115988,
95504, 106395, 106373, 106373, 106395, 115989,
95520, 106405, 106406, 106406, 106405, 115990,
95536, 105754, 106291, 106291, 105754, 115908,
95552, 104294, 104403, 104403, 104294, 115937,
95568, 104034, 104281, 104281, 104034, 115924,
95584, 104220, 104393, 104393, 104220, 115936,
95600, 104240, 104231, 104231, 104240, 115925,
95616, 103752, 105263, 105263, 103752, 115910,
95632, 105252, 106464, 106464, 105252, 115968,
95648, 106475, 103593, 103593, 106475, 115902,
95664, 103918, 106484, 106484, 103918, 115917,
95680, 106484, 106494, 106494, 106484, 115917,
95696, 103672, 103863, 103863, 103672, 115905,
95712, 103840, 103819, 103819, 103840, 115911,
95728, 106384, 106520, 106520, 106384, 115988,
95744, 103978, 106351, 106351, 103978, 115921,
95760, 106520, 106538, 106538, 106520, 115988,
95776, 106549, 106550, 106550, 106549, 115991,
95792, 105604, 104313, 104313, 105604, 115938,
95808, 104022, 106568, 106568, 104022, 115923,
95824, 106579, 104509, 104509, 106579, 115943,
95840, 106568, 104497, 104497, 106568, 115923,
95856, 104510, 106579, 106579, 104510, 115943,
95872, 104646, 104785, 104785, 104646, 115945,
95888, 103606, 106475, 106475, 103606, 115902,
95904, 103776, 106620, 106620, 103776, 115912,
95920, 103884, 103929, 103929, 103884, 115895,
95936, 106639, 103895, 103895, 106639, 115916,
95952, 106649, 105445, 105445, 106649, 115974,
95968, 105400, 105457, 105457, 105400, 115971,
95984, 105446, 106649, 106649, 105446, 115974,
96000, 105874, 105411, 105411, 105874, 115972,
96016, 105840, 105365, 105365, 105840, 115969,
96032, 104860, 105337, 105337, 104860, 115952,
96048, 105790, 105495, 105495, 105790, 115975,
96064, 104966, 105467, 105467, 104966, 115959,
96080, 105772, 105557, 105557, 105772, 115977,
96096, 104836, 105529, 105529, 104836, 115950,
96112, 104444, 104369, 104369, 104444, 115939,
96128, 104382, 106738, 106738, 104382, 115940,
96144, 106738, 106748, 106748, 106738, 115940,
96160, 106759, 104463, 104463, 106759, 115942,
96176, 106769, 106759, 106759, 106769, 115942,
96192, 104414, 104425, 104425, 104414, 115941,
96208, 106787, 106788, 106788, 106787, 115927,
96224, 106799, 104183, 104183, 106799, 115934,
96240, 106809, 104171, 104171, 106809, 115933,
96256, 104184, 106799, 106799, 104184, 115934,
96272, 104208, 104195, 104195, 104208, 115935,
96288, 104172, 106809, 106809, 104172, 115933,
96304, 104260, 104161, 104161, 104260, 115932,
96320, 104464, 106850, 106850, 104464, 115942,
96336, 106850, 106769, 106769, 106850, 115942,
96352, 103820, 103763, 103763, 103820, 115911,
96368, 106877, 106405, 106405, 106877, 115990,
96384, 106406, 106877, 106877, 106406, 115990,
96400, 106374, 106395, 106395, 106374, 115989,
96416, 106182, 106255, 106255, 106182, 115984,
96432, 103696, 106161, 106161, 103696, 115907,
96448, 104346, 103831, 103831, 104346, 115901,
96464, 106550, 106926, 106926, 106550, 115991,
96480, 106937, 106938, 106938, 106937, 115912,
96496, 103990, 106173, 106173, 103990, 115922,
96512, 106162, 105985, 105985, 106162, 115907,
96528, 103896, 106639, 106639, 103896, 115916,
96544, 103594, 103605, 103605, 103594, 115902,
96560, 106981, 106029, 106029, 106981, 115983,
96576, 106008, 106051, 106051, 106008, 115982,
96592, 106018, 105995, 105995, 106018, 115981,
96608, 104092, 106041, 106041, 104092, 115928,
96624, 106030, 106981, 106981, 106030, 115983,
96640, 104906, 105085, 105085, 104906, 115954,
96656, 105014, 105935, 105935, 105014, 115961,
96672, 105924, 104917, 104917, 105924, 115955,
96688, 104942, 107046, 107046, 104942, 115957,
96704, 107057, 105095, 105095, 107057, 115967,
96720, 105614, 105603, 105603, 105614, 115938,
96736, 105002, 107074, 107074, 105002, 115960,
96752, 107074, 105001, 105001, 107074, 115960,
96768, 107093, 106787, 106787, 107093, 115927,
96784, 104080, 107093, 107093, 104080, 115927,
96800, 106788, 104079, 104079, 106788, 115927,
96816, 104486, 104067, 104067, 104486, 115926,
96832, 107127, 103641, 103641, 107127, 115904,
96848, 106086, 104103, 104103, 106086, 115929,
96864, 104068, 104475, 104475, 104068, 115926,
96880, 103642, 107127, 107127, 103642, 115904,
96896, 106748, 104435, 104435, 106748, 115940,
96912, 104730, 104719, 104719, 104730, 115947,
96928, 104658, 104741, 104741, 104658, 115946,
96944, 107185, 104693, 104693, 107185, 115903,
96960, 103630, 107185, 107185, 103630, 115903,
96976, 107203, 104033, 104033, 107203, 115924,
96992, 104282, 107203, 107203, 104282, 115924,
97008, 107046, 104941, 104941, 107046, 115957,
97024, 106464, 105317, 105317, 106464, 115968,
97040, 105306, 107057, 107057, 105306, 115967,
97056, 105026, 105895, 105895, 105026, 115962,
97072, 105674, 105013, 105013, 105674, 115961,
97088, 105592, 105025, 105025, 105592, 115962,
97104, 106494, 107268, 107268, 106494, 115917,
97120, 107268, 103917, 103917, 107268, 115917,
97136, 107287, 105885, 105885, 107287, 115913,
97152, 103874, 107296, 107296, 103874, 115915,
97168, 106926, 106549, 106549, 106926, 115991,
97184, 106538, 106361, 106361, 106538, 115988,
97200, 106620, 106937, 106937, 106620, 115912,
97216, 106938, 103775, 103775, 106938, 115912,
97232, 103788, 107338, 107338, 103788, 115913,
97248, 107338, 107287, 107287, 107338, 115913,
97264, 107296, 103873, 103873, 107296, 115915,
97280, 107365, 107366, 107366, 107365, 115992,
97296, 107377, 107378, 107378, 107377, 115993,
97312, 107378, 107388, 107388, 107378, 115993,
97328, 107399, 107400, 107400, 107399, 115994,
97344, 107411, 107412, 107412, 107411, 115994,
97360, 107423, 107424, 107424, 107423, 115995,
97376, 107435, 107436, 107436, 107435, 115996,
97392, 107366, 107446, 107446, 107366, 115992,
97408, 107457, 107377, 107377, 107457, 115993,
97424, 107467, 107468, 107468, 107467, 115997,
97440, 107468, 107478, 107478, 107468, 115997,
97456, 107489, 107490, 107490, 107489, 115998,
97472, 107501, 107502, 107502, 107501, 115999,
97488, 107513, 107514, 107514, 107513, 115998,
97504, 107525, 107526, 107526, 107525, 116000,
97520, 107537, 107538, 107538, 107537, 116001,
97536, 107549, 107550, 107550, 107549, 116002,
97552, 107561, 107562, 107562, 107561, 116003,
97568, 107573, 107561, 107561, 107573, 116003,
97584, 107583, 107584, 107584, 107583, 116004,
97600, 107595, 107583, 107583, 107595, 116004,
97616, 107605, 107606, 107606, 107605, 116005,
97632, 107617, 107618, 107618, 107617, 116006,
97648, 107629, 107630, 107630, 107629, 116007,
97664, 107641, 107642, 107642, 107641, 116008,
97680, 107653, 107654, 107654, 107653, 116009,
97696, 107665, 107666, 107666, 107665, 116010,
97712, 107677, 107641, 107641, 107677, 116008,
97728, 107687, 107688, 107688, 107687, 116009,
97744, 107699, 107700, 107700, 107699, 116011,
97760, 107711, 107712, 107712, 107711, 116011,
97776, 107723, 107711, 107711, 107723, 116011,
97792, 107733, 107734, 107734, 107733, 116012,
97808, 107734, 107744, 107744, 107734, 116012,
97824, 107755, 107756, 107756, 107755, 116013,
97840, 107767, 107525, 107525, 107767, 116000,
97856, 107550, 107776, 107776, 107550, 116002,
97872, 107787, 107788, 107788, 107787, 116014,
97888, 107799, 107800, 107800, 107799, 115999,
97904, 107811, 107812, 107812, 107811, 116015,
97920, 107823, 107824, 107824, 107823, 116016,
97936, 107835, 107836, 107836, 107835, 116017,
97952, 107847, 107848, 107848, 107847, 116018,
97968, 107859, 107860, 107860, 107859, 116019,
97984, 107871, 107823, 107823, 107871, 116016,
98000, 107881, 107882, 107882, 107881, 116020,
98016, 107893, 107894, 107894, 107893, 116021,
98032, 107905, 107906, 107906, 107905, 116022,
98048, 107917, 107918, 107918, 107917, 116023,
98064, 107400, 107411, 107411, 107400, 115994,
98080, 107436, 107936, 107936, 107436, 115996,
98096, 107947, 107948, 107948, 107947, 116024,
98112, 107959, 107960, 107960, 107959, 116022,
98128, 107971, 107972, 107972, 107971, 116025,
98144, 107983, 107984, 107984, 107983, 116026,
98160, 107995, 107996, 107996, 107995, 116027,
98176, 108007, 107995, 107995, 108007, 116027,
98192, 108017, 108018, 108018, 108017, 116028,
98208, 108029, 108030, 108030, 108029, 116029,
98224, 108030, 108040, 108040, 108030, 116029,
98240, 108051, 108052, 108052, 108051, 116030,
98256, 108063, 108064, 108064, 108063, 116031,
98272, 108075, 108076, 108076, 108075, 116032,
98288, 108087, 108088, 108088, 108087, 116033,
98304, 108099, 108063, 108063, 108099, 116031,
98320, 108109, 108087, 108087, 108109, 116033,
98336, 107700, 107723, 107723, 107700, 116011,
98352, 108127, 108128, 108128, 108127, 116034,
98368, 108139, 108029, 108029, 108139, 116029,
98384, 108149, 108139, 108139, 108149, 116029,
98400, 107630, 108158, 108158, 107630, 116007,
98416, 108158, 108168, 108168, 108158, 116007,
98432, 108179, 108180, 108180, 108179, 116035,
98448, 108191, 108192, 108192, 108191, 116036,
98464, 108203, 108204, 108204, 108203, 116037,
98480, 108215, 108216, 108216, 108215, 116038,
98496, 108227, 108228, 108228, 108227, 116039,
98512, 108239, 108240, 108240, 108239, 116040,
98528, 108251, 108252, 108252, 108251, 116041,
98544, 108263, 108264, 108264, 108263, 116042,
98560, 108275, 108276, 108276, 108275, 116043,
98576, 108287, 108288, 108288, 108287, 116044,
98592, 108299, 108275, 108275, 108299, 116043,
98608, 108309, 107893, 107893, 108309, 116021,
98624, 108319, 108320, 108320, 108319, 116045,
98640, 107412, 108330, 108330, 107412, 115994,
98656, 108341, 108342, 108342, 108341, 116020,
98672, 108353, 108354, 108354, 108353, 116046,
98688, 108365, 108366, 108366, 108365, 116047,
98704, 108377, 108378, 108378, 108377, 116048,
98720, 108389, 108365, 108365, 108389, 116047,
98736, 108378, 108398, 108398, 108378, 116048,
98752, 108409, 108410, 108410, 108409, 116013,
98768, 107936, 107435, 107435, 107936, 115996,
98784, 107424, 108428, 108428, 107424, 115995,
98800, 108439, 108440, 108440, 108439, 116049,
98816, 108428, 108450, 108450, 108428, 115995,
98832, 108461, 108462, 108462, 108461, 116028,
98848, 108473, 108474, 108474, 108473, 116050,
98864, 107478, 108484, 108484, 107478, 115997,
98880, 108484, 108494, 108494, 108484, 115997,
98896, 108505, 108341, 108341, 108505, 116020,
98912, 107538, 108514, 108514, 107538, 116001,
98928, 108525, 108526, 108526, 108525, 116051,
98944, 108537, 108538, 108538, 108537, 116052,
98960, 108549, 108550, 108550, 108549, 116053,
98976, 108561, 108562, 108562, 108561, 116003,
98992, 108573, 108574, 108574, 108573, 116054,
99008, 108585, 108586, 108586, 108585, 116055,
99024, 107996, 108007, 108007, 107996, 116027,
99040, 108605, 107983, 107983, 108605, 116026,
99056, 108450, 108614, 108614, 108450, 115995,
99072, 107984, 108605, 108605, 107984, 116026,
99088, 108614, 107423, 107423, 108614, 115995,
99104, 108641, 108439, 108439, 108641, 116049,
99120, 108651, 108652, 108652, 108651, 116056,
99136, 108663, 108641, 108641, 108663, 116049,
99152, 108673, 108674, 108674, 108673, 116057,
99168, 108685, 108686, 108686, 108685, 116058,
99184, 108697, 108698, 108698, 108697, 116059,
99200, 108709, 108710, 108710, 108709, 116060,
99216, 108721, 108585, 108585, 108721, 116055,
99232, 108731, 108732, 108732, 108731, 116061,
99248, 108743, 108744, 108744, 108743, 116062,
99264, 108652, 108754, 108754, 108652, 116056,
99280, 108765, 107971, 107971, 108765, 116025,
99296, 108775, 108776, 108776, 108775, 116063,
99312, 108787, 108775, 108775, 108787, 116063,
99328, 108754, 108651, 108651, 108754, 116056,
99344, 108805, 108743, 108743, 108805, 116062,
99360, 108744, 108805, 108805, 108744, 116062,
99376, 108823, 108731, 108731, 108823, 116061,
99392, 107972, 108832, 108832, 107972, 116025,
99408, 108843, 107917, 107917, 108843, 116023,
99424, 107906, 107959, 107959, 107906, 116022,
99440, 108861, 108663, 108663, 108861, 116049,
99456, 108871, 108872, 108872, 108871, 116057,
99472, 108872, 108673, 108673, 108872, 116057,
99488, 108891, 108765, 108765, 108891, 116025,
99504, 108732, 108823, 108823, 108732, 116061,
99520, 108832, 108891, 108891, 108832, 116025,
99536, 107666, 108916, 108916, 107666, 116010,
99552, 108927, 108928, 108928, 108927, 116064,
99568, 108939, 108940, 108940, 108939, 116065,
99584, 108940, 108950, 108950, 108940, 116065,
99600, 108961, 107859, 107859, 108961, 116019,
99616, 108971, 107835, 107835, 108971, 116017,
99632, 107824, 107871, 107871, 107824, 116016,
99648, 107848, 108988, 108988, 107848, 116018,
99664, 107860, 108961, 108961, 107860, 116019,
99680, 108988, 107847, 107847, 108988, 116018,
99696, 109015, 107905, 107905, 109015, 116022,
99712, 109025, 109026, 109026, 109025, 116045,
99728, 109037, 109038, 109038, 109037, 116066,
99744, 109049, 109050, 109050, 109049, 116067,
99760, 109061, 109062, 109062, 109061, 116068,
99776, 109073, 109074, 109074, 109073, 116069,
99792, 109085, 107799, 107799, 109085, 115999,
99808, 107788, 109094, 109094, 107788, 116014,
99824, 109094, 109104, 109104, 109094, 116014,
99840, 109115, 109049, 109049, 109115, 116067,
99856, 109125, 107513, 107513, 109125, 115998,
99872, 109135, 107457, 107457, 109135, 115993,
99888, 108264, 109144, 109144, 108264, 116042,
99904, 109155, 109156, 109156, 109155, 116070,
99920, 109167, 109168, 109168, 109167, 116071,
99936, 109179, 109180, 109180, 109179, 116072,
99952, 108252, 109190, 109190, 108252, 116041,
99968, 109201, 109202, 109202, 109201, 116073,
99984, 109213, 109214, 109214, 109213, 116074,
100000, 109225, 109226, 109226, 109225, 116051,
100016, 109237, 109238, 109238, 109237, 116001,
100032, 109249, 109250, 109250, 109249, 116075,
100048, 108228, 109260, 109260, 108228, 116039,
100064, 109271, 109272, 109272, 109271, 116076,
100080, 108204, 109282, 109282, 108204, 116037,
100096, 109293, 109294, 109294, 109293, 116077,
100112, 108586, 109304, 109304, 108586, 116055,
100128, 109315, 109316, 109316, 109315, 116078,
100144, 109327, 109328, 109328, 109327, 116079,
100160, 109339, 109037, 109037, 109339, 116066,
100176, 109349, 109327, 109327, 109349, 116079,
100192, 109359, 109061, 109061, 109359, 116068,
100208, 109050, 109115, 109115, 109050, 116067,
100224, 109062, 109359, 109359, 109062, 116068,
100240, 107502, 109085, 109085, 107502, 115999,
100256, 109393, 109394, 109394, 109393, 116080,
100272, 109405, 109393, 109393, 109405, 116080,
100288, 109074, 109414, 109414, 109074, 116069,
100304, 109394, 109424, 109424, 109394, 116080,
100320, 109424, 109434, 109434, 109424, 116080,
100336, 107756, 109444, 109444, 107756, 116013,
100352, 108410, 107755, 107755, 108410, 116013,
100368, 107490, 109125, 109125, 107490, 115998,
100384, 109294, 109470, 109470, 109294, 116077,
100400, 109470, 109293, 109293, 109470, 116077,
100416, 109282, 108203, 108203, 109282, 116037,
100432, 109497, 109498, 109498, 109497, 116081,
100448, 109498, 109508, 109508, 109498, 116081,
100464, 109519, 108191, 108191, 109519, 116036,
100480, 109272, 109528, 109528, 109272, 116076,
100496, 109528, 109271, 109271, 109528, 116076,
100512, 109260, 108227, 108227, 109260, 116039,
100528, 109555, 109556, 109556, 109555, 116082,
100544, 109556, 109566, 109566, 109556, 116082,
100560, 109577, 108215, 108215, 109577, 116038,
100576, 109587, 108287, 108287, 109587, 116044,
100592, 108276, 108299, 108299, 108276, 116043,
100608, 109156, 109604, 109604, 109156, 116070,
100624, 109604, 109155, 109155, 109604, 116070,
100640, 109144, 108263, 108263, 109144, 116042,
100656, 108288, 109587, 109587, 108288, 116044,
100672, 109202, 109638, 109638, 109202, 116073,
100688, 109638, 109201, 109201, 109638, 116073,
100704, 109190, 108251, 108251, 109190, 116041,
100720, 109665, 109666, 109666, 109665, 116083,
100736, 109666, 109676, 109676, 109666, 116083,
100752, 109687, 108239, 108239, 109687, 116040,
100768, 109697, 109698, 109698, 109697, 116000,
100784, 109238, 107537, 107537, 109238, 116001,
100800, 107526, 109697, 109697, 107526, 116000,
100816, 109725, 109249, 109249, 109725, 116075,
100832, 109735, 109725, 109725, 109735, 116075,
100848, 109745, 109237, 109237, 109745, 116001,
100864, 109226, 108525, 108525, 109226, 116051,
100880, 108514, 109745, 109745, 108514, 116001,
100896, 109771, 109213, 109213, 109771, 116074,
100912, 109781, 109179, 109179, 109781, 116072,
100928, 109104, 109790, 109790, 109104, 116014,
100944, 109801, 109781, 109781, 109801, 116072,
100960, 109811, 109225, 109225, 109811, 116051,
100976, 109180, 109820, 109820, 109180, 116072,
100992, 109831, 109811, 109811, 109831, 116051,
101008, 109841, 109167, 109167, 109841, 116071,
101024, 109851, 109073, 109073, 109851, 116069,
101040, 109861, 109851, 109851, 109861, 116069,
101056, 109871, 109872, 109872, 109871, 116071,
101072, 109872, 109882, 109882, 109872, 116071,
101088, 109893, 109894, 109894, 109893, 116074,
101104, 109894, 109904, 109904, 109894, 116074,
101120, 109915, 109916, 109916, 109915, 116075,
101136, 109698, 107767, 107767, 109698, 116000,
101152, 109935, 107811, 107811, 109935, 116015,
101168, 109434, 109405, 109405, 109434, 116080,
101184, 109414, 109861, 109861, 109414, 116069,
101200, 109038, 109339, 109339, 109038, 116066,
101216, 109328, 109349, 109349, 109328, 116079,
101232, 107514, 107489, 107489, 107514, 115998,
101248, 107800, 107501, 107501, 107800, 115999,
101264, 107744, 107733, 107733, 107744, 116012,
101280, 109904, 109771, 109771, 109904, 116074,
101296, 109250, 109915, 109915, 109250, 116075,
101312, 108216, 109577, 109577, 108216, 116038,
101328, 109566, 109555, 109555, 109566, 116082,
101344, 107776, 107549, 107549, 107776, 116002,
101360, 109916, 109735, 109735, 109916, 116075,
101376, 109790, 107787, 107787, 109790, 116014,
101392, 107812, 109935, 109935, 107812, 116015,
101408, 110065, 109801, 109801, 110065, 116072,
101424, 109882, 109841, 109841, 109882, 116071,
101440, 109214, 109893, 109893, 109214, 116074,
101456, 108240, 109687, 109687, 108240, 116040,
101472, 109676, 109665, 109665, 109676, 116083,
101488, 108192, 109519, 109519, 108192, 116036,
101504, 109508, 109497, 109497, 109508, 116081,
101520, 109168, 109871, 109871, 109168, 116071,
101536, 110131, 110132, 110132, 110131, 116084,
101552, 110143, 110144, 110144, 110143, 116085,
101568, 110155, 108353, 108353, 110155, 116046,
101584, 110165, 110166, 110166, 110165, 116086,
101600, 110177, 110178, 110178, 110177, 116006,
101616, 110189, 110190, 110190, 110189, 116087,
101632, 110201, 110165, 110165, 110201, 116086,
101648, 110211, 107605, 107605, 110211, 116005,
101664, 107618, 110220, 110220, 107618, 116006,
101680, 110178, 107617, 107617, 110178, 116006,
101696, 110239, 110240, 110240, 110239, 116087,
101712, 110251, 110252, 110252, 110251, 116086,
101728, 110263, 107595, 107595, 110263, 116004,
101744, 110220, 110177, 110177, 110220, 116006,
101760, 110166, 110251, 110251, 110166, 116086,
101776, 107606, 110211, 110211, 107606, 116005,
101792, 108354, 110155, 110155, 108354, 116046,
101808, 110144, 110304, 110304, 110144, 116085,
101824, 110315, 110263, 110263, 110315, 116004,
101840, 110325, 110326, 110326, 110325, 116048,
101856, 110337, 110189, 110189, 110337, 116087,
101872, 110347, 110348, 110348, 110347, 116058,
101888, 110348, 108685, 108685, 110348, 116058,
101904, 110304, 110143, 110143, 110304, 116085,
101920, 110375, 110376, 110376, 110375, 116088,
101936, 108686, 110386, 110386, 108686, 116058,
101952, 110397, 110375, 110375, 110397, 116088,
101968, 110407, 110408, 110408, 110407, 116089,
101984, 110408, 110418, 110418, 110408, 116089,
102000, 110429, 110430, 110430, 110429, 116050,
102016, 108366, 108389, 108389, 108366, 116047,
102032, 110326, 108377, 108377, 110326, 116048,
102048, 107688, 110456, 110456, 107688, 116009,
102064, 110456, 107653, 107653, 110456, 116009,
102080, 108040, 108149, 108149, 108040, 116029,
102096, 110483, 110484, 110484, 110483, 116065,
102112, 108180, 110494, 110494, 108180, 116035,
102128, 110505, 107629, 107629, 110505, 116007,
102144, 110515, 108127, 108127, 110515, 116034,
102160, 108128, 110515, 110515, 108128, 116034,
102176, 110533, 108573, 108573, 110533, 116054,
102192, 110543, 108549, 108549, 110543, 116053,
102208, 108168, 110505, 110505, 108168, 116007,
102224, 110494, 108179, 108179, 110494, 116035,
102240, 108950, 110483, 110483, 108950, 116065,
102256, 107948, 110576, 110576, 107948, 116024,
102272, 110240, 110337, 110337, 110240, 116087,
102288, 108674, 110594, 110594, 108674, 116057,
102304, 109444, 108409, 108409, 109444, 116013,
102320, 110613, 110614, 110614, 110613, 116032,
102336, 108574, 110533, 110533, 108574, 116054,
102352, 107562, 108561, 108561, 107562, 116003,
102368, 110614, 110640, 110640, 110614, 116032,
102384, 108052, 110650, 110650, 108052, 116030,
102400, 110650, 110660, 110660, 110650, 116030,
102416, 108538, 110670, 110670, 108538, 116052,
102432, 110681, 108537, 108537, 110681, 116052,
102448, 108550, 110543, 110543, 108550, 116053,
102464, 108076, 110613, 110613, 108076, 116032,
102480, 110640, 108075, 108075, 110640, 116032,
102496, 108088, 108109, 108109, 108088, 116033,
102512, 108064, 108099, 108099, 108064, 116031,
102528, 110731, 108051, 108051, 110731, 116030,
102544, 110660, 110731, 110731, 110660, 116030,
102560, 110484, 108939, 108939, 110484, 116065,
102576, 108928, 110756, 110756, 108928, 116064,
102592, 110756, 108927, 108927, 110756, 116064,
102608, 108916, 107665, 107665, 108916, 116010,
102624, 107836, 108971, 108971, 107836, 116017,
102640, 107712, 107699, 107699, 107712, 116011,
102656, 107654, 107687, 107687, 107654, 116009,
102672, 110670, 110806, 110806, 110670, 116052,
102688, 110806, 110681, 110681, 110806, 116052,
102704, 108562, 107573, 107573, 108562, 116003,
102720, 108398, 110325, 110325, 108398, 116048,
102736, 110576, 110840, 110840, 110576, 116024,
102752, 110851, 108697, 108697, 110851, 116059,
102768, 107918, 108843, 108843, 107918, 116023,
102784, 108440, 108861, 108861, 108440, 116049,
102800, 108776, 108787, 108787, 108776, 116063,
102816, 110376, 110397, 110397, 110376, 116088,
102832, 110386, 110347, 110347, 110386, 116058,
102848, 109026, 108319, 108319, 109026, 116045,
102864, 108494, 107467, 107467, 108494, 115997,
102880, 109304, 110916, 110916, 109304, 116055,
102896, 107894, 108309, 108309, 107894, 116021,
102912, 108320, 110934, 110934, 108320, 116045,
102928, 107446, 107365, 107365, 107446, 115992,
102944, 110953, 108473, 108473, 110953, 116050,
102960, 110594, 108871, 108871, 110594, 116057,
102976, 108462, 110970, 110970, 108462, 116028,
102992, 110981, 107947, 107947, 110981, 116024,
103008, 108018, 108461, 108461, 108018, 116028,
103024, 110999, 108709, 108709, 110999, 116060,
103040, 111009, 109315, 109315, 111009, 116078,
103056, 107388, 109135, 109135, 107388, 115993,
103072, 108330, 107399, 107399, 108330, 115994,
103088, 110970, 108017, 108017, 110970, 116028,
103104, 108526, 109831, 109831, 108526, 116051,
103120, 109820, 110065, 110065, 109820, 116072,
103136, 110916, 108721, 108721, 110916, 116055,
103152, 111067, 111068, 111068, 111067, 116060,
103168, 110430, 110953, 110953, 110430, 116050,
103184, 107960, 109015, 109015, 107960, 116022,
103200, 110418, 110407, 110407, 110418, 116089,
103216, 108474, 110429, 110429, 108474, 116050,
103232, 111111, 111112, 111112, 111111, 116084,
103248, 111123, 110131, 110131, 111123, 116084,
103264, 107642, 107677, 107677, 107642, 116008,
103280, 107584, 110315, 110315, 107584, 116004,
103296, 111112, 111123, 111123, 111112, 116084,
103312, 108342, 107881, 107881, 108342, 116020,
103328, 107882, 108505, 108505, 107882, 116020,
103344, 110840, 110981, 110981, 110840, 116024,
103360, 111068, 110999, 110999, 111068, 116060,
103376, 108710, 111067, 111067, 108710, 116060,
103392, 109316, 111009, 111009, 109316, 116078,
103408, 110132, 111111, 111111, 110132, 116084,
103424, 110252, 110201, 110201, 110252, 116086,
103440, 110190, 110239, 110239, 110190, 116087,
103456, 110934, 109025, 109025, 110934, 116045,
103472, 108698, 110851, 110851, 108698, 116059,
