1453, 2905, 2906, 2906, 2905, 5370,
1454, 2907, 2908, 2908, 2907, 5372,
1457, 2922, 2919, 2919, 2922, 5383,
1457, 2919, 2920, 2920, 2919, 5384,
1458, 2924, 2925, 2925, 2924, 5389,
1461, 2935, 2936, 2936, 2935, 5400,
1466, 2950, 2951, 2951, 2950, 5415,
1467, 2953, 2954, 2954, 2953, 5415,
1469, 2961, 2962, 2962, 2961, 5423,
1470, 2964, 2965, 2965, 2964, 5425,
1471, 2969, 2966, 2966, 2969, 5425,
1475, 2975, 2976, 2976, 2975, 5389,
1477, 2984, 2981, 2981, 2984, 5438,
1478, 2988, 2985, 2985, 2988, 5442,
1482, 3000, 2975, 2975, 3000, 5389,
1483, 2976, 2924, 2924, 2976, 5389,
1487, 3014, 3011, 3011, 3014, 5460,
1487, 3013, 3014, 3014, 3013, 5463,
1488, 3018, 3015, 3015, 3018, 5464,
1488, 3016, 3017, 3017, 3016, 5460,
1489, 2954, 2950, 2950, 2954, 5415,
1496, 3031, 3028, 3028, 3031, 5475,
1497, 3035, 3032, 3032, 3035, 5478,
1497, 3032, 3033, 3033, 3032, 5479,
1499, 3042, 3043, 3043, 3042, 5487,
1500, 3045, 3046, 3046, 3045, 5490,
1501, 3051, 3048, 3048, 3051, 5492,
1502, 3054, 2935, 2935, 3054, 5400,
1503, 3056, 2953, 2953, 3056, 5415,
1513, 3076, 3074, 3074, 3076, 5487,
1517, 3086, 2961, 2961, 3086, 5423,
1522, 3043, 3095, 3095, 3043, 5487,
1525, 3102, 3103, 3103, 3102, 5521,
1527, 3110, 3016, 3016, 3110, 5460,
1532, 3116, 3114, 3114, 3116, 5526,
1533, 2908, 3117, 3117, 2908, 5372,
1533, 3117, 3118, 3118, 3117, 5528,
1537, 3028, 3126, 3126, 3028, 5475,
1541, 3139, 3137, 3137, 3139, 5539,
1547, 3146, 3147, 3147, 3146, 5372,
1550, 3157, 3154, 3154, 3157, 5548,
1550, 3154, 3155, 3155, 3154, 5549,
1552, 3163, 3164, 3164, 3163, 5557,
1555, 3172, 3173, 3173, 3172, 5563,
1557, 3178, 3179, 3179, 3178, 5568,
1562, 3190, 2905, 2905, 3190, 5370,
1563, 2962, 3191, 3191, 2962, 5423,
1566, 3200, 3201, 3201, 3200, 5583,
1573, 3212, 3213, 3213, 3212, 5589,
1575, 3218, 3219, 3219, 3218, 5592,
1576, 3219, 3220, 3220, 3219, 5592,
1580, 3229, 3230, 3230, 3229, 5600,
1582, 3238, 3239, 3239, 3238, 5607,
1587, 3257, 3258, 3258, 3257, 5623,
1589, 3265, 3266, 3266, 3265, 5630,
1590, 3267, 3268, 3268, 3267, 5632,
1596, 3268, 3290, 3290, 3268, 5632,
1596, 3290, 3291, 3291, 3290, 5652,
1598, 3296, 3297, 3297, 3296, 5656,
1599, 3299, 3296, 3296, 3299, 5656,
1599, 3298, 3299, 3299, 3298, 5657,
1600, 3301, 3302, 3302, 3301, 5660,
1600, 3302, 3303, 3303, 3302, 5661,
1601, 3306, 3304, 3304, 3306, 5661,
1605, 3315, 3316, 3316, 3315, 5668,
1605, 3316, 3218, 3218, 3316, 5592,
1606, 3220, 3317, 3317, 3220, 5592,
1606, 3297, 3318, 3318, 3297, 5656,
1607, 3318, 3319, 3319, 3318, 5656,
1608, 3303, 3321, 3321, 3303, 5661,
1609, 3324, 3322, 3322, 3324, 5589,
1609, 3323, 3324, 3324, 3323, 5669,
1610, 3321, 3306, 3306, 3321, 5661,
1630, 3347, 3348, 3348, 3347, 5694,
1645, 3103, 3358, 3358, 3103, 5521,
1651, 3361, 3362, 3362, 3361, 5383,
1655, 3191, 3371, 3371, 3191, 5423,
1661, 3384, 3381, 3381, 3384, 5652,
1662, 3386, 3387, 3387, 3386, 5712,
1662, 3387, 3388, 3388, 3387, 5713,
1664, 3392, 3315, 3315, 3392, 5668,
1667, 3395, 3323, 3323, 3395, 5669,
1668, 3396, 3397, 3397, 3396, 5714,
1669, 3400, 3396, 3396, 3400, 5714,
1672, 3404, 3387, 3387, 3404, 5713,
1672, 3387, 3405, 3405, 3387, 5712,
1673, 3291, 3384, 3384, 3291, 5652,
1677, 3418, 3415, 3415, 3418, 5725,
1677, 3416, 3417, 3417, 3416, 5600,
1678, 3417, 3419, 3419, 3417, 5600,
1679, 3421, 3422, 3422, 3421, 5583,
1682, 3429, 3430, 3430, 3429, 5735,
1683, 3017, 3014, 3014, 3017, 5460,
1683, 3014, 3432, 3432, 3014, 5463,
1684, 3432, 3013, 3013, 3432, 5463,
1693, 3439, 3154, 3154, 3439, 5549,
1693, 3154, 3440, 3440, 3154, 5548,
1694, 3155, 3439, 3439, 3155, 5549,
1698, 3450, 3451, 3451, 3450, 5742,
1700, 3454, 3455, 3455, 3454, 5548,
1701, 3455, 3157, 3157, 3455, 5548,
1702, 3458, 3361, 3361, 3458, 5383,
1703, 3422, 3200, 3200, 3422, 5583,
1705, 3460, 2984, 2984, 3460, 5438,
1706, 3451, 3461, 3461, 3451, 5742,
1706, 3461, 3462, 3462, 3461, 5743,
1707, 3467, 3464, 3464, 3467, 5745,
1707, 3465, 3466, 3466, 3465, 5384,
1707, 3466, 3467, 3467, 3466, 5747,
1709, 3470, 3460, 3460, 3470, 5438,
1709, 2920, 3465, 3465, 2920, 5384,
1710, 3362, 2922, 2922, 3362, 5383,
1713, 3482, 3479, 3479, 3482, 5747,
1714, 3467, 3483, 3483, 3467, 5747,
1714, 3485, 3467, 3467, 3485, 5745,
1715, 3486, 2919, 2919, 3486, 5384,
1715, 2919, 3458, 3458, 2919, 5383,
1717, 3479, 3466, 3466, 3479, 5747,
1717, 3466, 3486, 3486, 3466, 5384,
1718, 3490, 3461, 3461, 3490, 5743,
1718, 3461, 3450, 3450, 3461, 5742,
1719, 2925, 3000, 3000, 2925, 5389,
1722, 3496, 3493, 3493, 3496, 5758,
1723, 3500, 3497, 3497, 3500, 5762,
1723, 3497, 3498, 3498, 3497, 5763,
1724, 3504, 3501, 3501, 3504, 5766,
1724, 3501, 3502, 3502, 3501, 5767,
1725, 3508, 3505, 3505, 3508, 5770,
1725, 3507, 3508, 3508, 3507, 5758,
1726, 3511, 3035, 3035, 3511, 5478,
1726, 3509, 3510, 3510, 3509, 5773,
1726, 3510, 3511, 3511, 3510, 5774,
1727, 3515, 3512, 3512, 3515, 5775,
1728, 3518, 3519, 3519, 3518, 5782,
1729, 3523, 3520, 3520, 3523, 5783,
1729, 3520, 3521, 3521, 3520, 5784,
1730, 3527, 3524, 3524, 3527, 5775,
1730, 3526, 3527, 3527, 3526, 5770,
1734, 3540, 3541, 3541, 3540, 5797,
1739, 3556, 3554, 3554, 3556, 5807,
1739, 3555, 3556, 3556, 3555, 5808,
1740, 3560, 3557, 3557, 3560, 5809,
1740, 3557, 3558, 3558, 3557, 5810,
1741, 3561, 3562, 3562, 3561, 5813,
1741, 3562, 3563, 3563, 3562, 5814,
1742, 3565, 3509, 3509, 3565, 5773,
1743, 3566, 3567, 3567, 3566, 5815,
1744, 3512, 3527, 3527, 3512, 5775,
1744, 3527, 3569, 3569, 3527, 5770,
1745, 3569, 3508, 3508, 3569, 5770,
1745, 3508, 3570, 3570, 3508, 5758,
1746, 3570, 3496, 3496, 3570, 5758,
1746, 3571, 3561, 3561, 3571, 5813,
1747, 3574, 3571, 3571, 3574, 5813,
1748, 3577, 3507, 3507, 3577, 5758,
1749, 3579, 3032, 3032, 3579, 5479,
1749, 3032, 3580, 3580, 3032, 5478,
1750, 3581, 3579, 3579, 3581, 5479,
1752, 3587, 3511, 3511, 3587, 5478,
1752, 3511, 3588, 3588, 3511, 5774,
1753, 3589, 3587, 3587, 3589, 5478,
1754, 3594, 3526, 3526, 3594, 5770,
1755, 3596, 3597, 3597, 3596, 5832,
1755, 3597, 3598, 3598, 3597, 5479,
1756, 3601, 3596, 3596, 3601, 5832,
1757, 3604, 3515, 3515, 3604, 5775,
1758, 3605, 3604, 3604, 3605, 5775,
1759, 3609, 3610, 3610, 3609, 5815,
1759, 3610, 3611, 3611, 3610, 5832,
1760, 3567, 3609, 3609, 3567, 5815,
1793, 3670, 3501, 3501, 3670, 5767,
1793, 3501, 3671, 3671, 3501, 5766,
1794, 3671, 3504, 3504, 3671, 5766,
1795, 3675, 3676, 3676, 3675, 5893,
1795, 3676, 3677, 3677, 3676, 5894,
1796, 3677, 3679, 3679, 3677, 5894,
1797, 3682, 3683, 3683, 3682, 5898,
1798, 3686, 3687, 3687, 3686, 5902,
1798, 3687, 3688, 3688, 3687, 5903,
1799, 3688, 3690, 3690, 3688, 5903,
1800, 3693, 3694, 3694, 3693, 5908,
1800, 3694, 3682, 3682, 3694, 5898,
1801, 3696, 3520, 3520, 3696, 5784,
1801, 3520, 3697, 3697, 3520, 5783,
1802, 3697, 3523, 3523, 3697, 5783,
1803, 3701, 3702, 3702, 3701, 5913,
1803, 3702, 3703, 3703, 3702, 5914,
1804, 3703, 3705, 3705, 3703, 5914,
1805, 3708, 3497, 3497, 3708, 5763,
1805, 3497, 3709, 3709, 3497, 5762,
1806, 3709, 3500, 3500, 3709, 5762,
1807, 3713, 3714, 3714, 3713, 5921,
1807, 3714, 3715, 3715, 3714, 5922,
1808, 3715, 3717, 3717, 3715, 5922,
1825, 3746, 3747, 3747, 3746, 5808,
1826, 3748, 3749, 3749, 3748, 5694,
1827, 3348, 3752, 3752, 3348, 5694,
1832, 3563, 3757, 3757, 3563, 5814,
1833, 3757, 3760, 3760, 3757, 5814,
1834, 3562, 3761, 3761, 3562, 5813,
1834, 3763, 3562, 3562, 3763, 5814,
1835, 3760, 3763, 3763, 3760, 5814,
1836, 3766, 3767, 3767, 3766, 5807,
1841, 3781, 3782, 3782, 3781, 5946,
1842, 3785, 3786, 3786, 3785, 5949,
1842, 3786, 3781, 3781, 3786, 5946,
1843, 3788, 3560, 3560, 3788, 5809,
1844, 3791, 3557, 3557, 3791, 5810,
1844, 3557, 3788, 3788, 3557, 5809,
1849, 2936, 3054, 3054, 2936, 5400,
1851, 3126, 3802, 3802, 3126, 5475,
1862, 3717, 3714, 3714, 3717, 5922,
1862, 3714, 3811, 3811, 3714, 5921,
1863, 3705, 3702, 3702, 3705, 5914,
1863, 3702, 3812, 3812, 3702, 5913,
1867, 3524, 3605, 3605, 3524, 5775,
1868, 3611, 3601, 3601, 3611, 5832,
1875, 3598, 3581, 3581, 3598, 5479,
1876, 3505, 3594, 3594, 3505, 5770,
1880, 3679, 3676, 3676, 3679, 5894,
1880, 3676, 3829, 3829, 3676, 5893,
1884, 3580, 3589, 3589, 3580, 5478,
1885, 3493, 3577, 3577, 3493, 5758,
1889, 3690, 3687, 3687, 3690, 5903,
1889, 3687, 3838, 3838, 3687, 5902,
1890, 3840, 3051, 3051, 3840, 5492,
1892, 3845, 3746, 3746, 3845, 5808,
1895, 3848, 3785, 3785, 3848, 5949,
1899, 3588, 3853, 3853, 3588, 5774,
1900, 3853, 3854, 3854, 3853, 5774,
1900, 3854, 3766, 3766, 3854, 5807,
1901, 3761, 3574, 3574, 3761, 5813,
1904, 3782, 3786, 3786, 3782, 5946,
1904, 3786, 3848, 3848, 3786, 5949,
1905, 3558, 3791, 3791, 3558, 5810,
1909, 3147, 2907, 2907, 3147, 5372,
1917, 3882, 3018, 3018, 3882, 5464,
1924, 3894, 3895, 3895, 3894, 5979,
1925, 3896, 3897, 3897, 3896, 5980,
1926, 3895, 3898, 3898, 3895, 5979,
1927, 3900, 3901, 3901, 3900, 5982,
1928, 3904, 3257, 3257, 3904, 5623,
1932, 3910, 3896, 3896, 3910, 5980,
1936, 3381, 3920, 3920, 3381, 5652,
1937, 3920, 3290, 3290, 3920, 5652,
1937, 3290, 3267, 3267, 3290, 5632,
1939, 3266, 3925, 3925, 3266, 5630,
1942, 3932, 3933, 3933, 3932, 5993,
1943, 3936, 3937, 3937, 3936, 5996,
1944, 3940, 3932, 3932, 3940, 5993,
1946, 3945, 3943, 3943, 3945, 5521,
1947, 3943, 3102, 3102, 3943, 5521,
1948, 3950, 3172, 3172, 3950, 5563,
1950, 3954, 3953, 3953, 3954, 5464,
1950, 3953, 3178, 3178, 3953, 5568,
1950, 3933, 3954, 3954, 3933, 5993,
1951, 3956, 3936, 3936, 3956, 5996,
1952, 3958, 3957, 3957, 3958, 6004,
1953, 3960, 3958, 3958, 3960, 6004,
1954, 3961, 3962, 3962, 3961, 6006,
1955, 3963, 3163, 3163, 3963, 5557,
1956, 3164, 3963, 3963, 3164, 5557,
1957, 3965, 3940, 3940, 3965, 5993,
1958, 3962, 3966, 3966, 3962, 6006,
1959, 3957, 3960, 3960, 3957, 6004,
1960, 3937, 3956, 3956, 3937, 5996,
1962, 3969, 3031, 3031, 3969, 5475,
1962, 2951, 3056, 3056, 2951, 5415,
1979, 2906, 3190, 3190, 2906, 5370,
1980, 3440, 3454, 3454, 3440, 5548,
1985, 3358, 3945, 3945, 3358, 5521,
1986, 3990, 3950, 3950, 3990, 5563,
1987, 3966, 3961, 3961, 3966, 6006,
1988, 3992, 3990, 3990, 3992, 5563,
1989, 3993, 3994, 3994, 3993, 6010,
1989, 3994, 3995, 3995, 3994, 6011,
1990, 3994, 3997, 3997, 3994, 6010,
1990, 3999, 3994, 3994, 3999, 6011,
1991, 4002, 4000, 4000, 4002, 6014,
1998, 3802, 3969, 3969, 3802, 5475,
2003, 3324, 3395, 3395, 3324, 5669,
2003, 3213, 3324, 3324, 3213, 5589,
2004, 3316, 3392, 3392, 3316, 5668,
2004, 3317, 3316, 3316, 3317, 5592,
2006, 3033, 3597, 3597, 3033, 5479,
2006, 3597, 4013, 4013, 3597, 5832,
2007, 4014, 2964, 2964, 4014, 5425,
2009, 3137, 4016, 4016, 3137, 5539,
2011, 4016, 4020, 4020, 4016, 5539,
2015, 3011, 3110, 3110, 3011, 5460,
2016, 3095, 3076, 3076, 3095, 5487,
2021, 3997, 4030, 4030, 3997, 6010,
2021, 3173, 3992, 3992, 3173, 5563,
2023, 4030, 4032, 4032, 4030, 6010,
2023, 4032, 4033, 4033, 4032, 6024,
2025, 3749, 3347, 3347, 3749, 5694,
2033, 3201, 4044, 4044, 3201, 5583,
2033, 4044, 3429, 3429, 4044, 5735,
2034, 4044, 3421, 3421, 4044, 5583,
2034, 3430, 4044, 4044, 3430, 5735,
2036, 3462, 3490, 3490, 3462, 5743,
2048, 2966, 4014, 4014, 2966, 5425,
2050, 3046, 4062, 4062, 3046, 5490,
2051, 3117, 3146, 3146, 3117, 5372,
2051, 4063, 3117, 3117, 4063, 5528,
2053, 4064, 3693, 3693, 4064, 5908,
2054, 3683, 3694, 3694, 3683, 5898,
2054, 3694, 4064, 4064, 3694, 5908,
2055, 3838, 3686, 3686, 3838, 5902,
2056, 3829, 3675, 3675, 3829, 5893,
2057, 3502, 3670, 3670, 3502, 5767,
2058, 3812, 3701, 3701, 3812, 5913,
2059, 3521, 3696, 3696, 3521, 5784,
2060, 3811, 3713, 3713, 3811, 5921,
2061, 3498, 3708, 3708, 3498, 5763,
2065, 3405, 3386, 3386, 3405, 5712,
2066, 3388, 4067, 4067, 3388, 5713,
2067, 4067, 4068, 4068, 4067, 5713,
2067, 4069, 3418, 3418, 4069, 5725,
2068, 4070, 4069, 4069, 4070, 5725,
2068, 3397, 3400, 3400, 3397, 5714,
2073, 4078, 4079, 4079, 4078, 5607,
2075, 4083, 3301, 3301, 4083, 5660,
2076, 4085, 3298, 3298, 4085, 5657,
2080, 3302, 4083, 4083, 3302, 5660,
2080, 3304, 3302, 3302, 3304, 5661,
2081, 3299, 4085, 4085, 3299, 5657,
2081, 3319, 3299, 3299, 3319, 5656,
2082, 3415, 4092, 4092, 3415, 5725,
2083, 4092, 4070, 4070, 4092, 5725,
2091, 3074, 3042, 3042, 3074, 5487,
2094, 4098, 4002, 4002, 4098, 6014,
2101, 4000, 4098, 4098, 4000, 6014,
2102, 3995, 3999, 3999, 3995, 6011,
2103, 3954, 3965, 3965, 3954, 5993,
2103, 3015, 3954, 3954, 3015, 5464,
2104, 3371, 3086, 3086, 3371, 5423,
2107, 4033, 4106, 4106, 4033, 6024,
2107, 4106, 4107, 4107, 4106, 5490,
2108, 3179, 3953, 3953, 3179, 5568,
2108, 3953, 3882, 3882, 3953, 5464,
2110, 3118, 4063, 4063, 3118, 5528,
2110, 2965, 2969, 2969, 2965, 5425,
2115, 4110, 3900, 3900, 4110, 5982,
2116, 3897, 3910, 3910, 3897, 5980,
2117, 3898, 3894, 3894, 3898, 5979,
2119, 3258, 3904, 3904, 3258, 5623,
2120, 3901, 4110, 4110, 3901, 5982,
2123, 3510, 3565, 3565, 3510, 5773,
2123, 3554, 3854, 3854, 3554, 5807,
2123, 3854, 3510, 3510, 3854, 5774,
2124, 3519, 4115, 4115, 3519, 5782,
2124, 4115, 3566, 3566, 4115, 5815,
2125, 3752, 3748, 3748, 3752, 5694,
2125, 3541, 4116, 4116, 3541, 5797,
2126, 4116, 3540, 3540, 4116, 5797,
2130, 4121, 4078, 4078, 4121, 5607,
2131, 3239, 4121, 4121, 3239, 5607,
2132, 4079, 3238, 3238, 4079, 5607,
2133, 3419, 3229, 3229, 3419, 5600,
2143, 4128, 2988, 2988, 4128, 5442,
2146, 3925, 3265, 3265, 3925, 5630,
2147, 3230, 3416, 3416, 3230, 5600,
2149, 2985, 4128, 4128, 2985, 5442,
2152, 4068, 3404, 3404, 4068, 5713,
2154, 3483, 3482, 3482, 3483, 5747,
2156, 3464, 3485, 3485, 3464, 5745,
2157, 4137, 3470, 3470, 4137, 5438,
2158, 2981, 4137, 4137, 2981, 5438,
2159, 4139, 3212, 3212, 4139, 5589,
2160, 3322, 4139, 4139, 3322, 5589,
2161, 4115, 3518, 3518, 4115, 5782,
2161, 4013, 3610, 3610, 4013, 5832,
2161, 3610, 4115, 4115, 3610, 5815,
2162, 3556, 3845, 3845, 3556, 5808,
2162, 3767, 3556, 3556, 3767, 5807,
2163, 3747, 3555, 3555, 3747, 5808,
2164, 4020, 4140, 4140, 4020, 5539,
2165, 4140, 3139, 3139, 4140, 5539,
2171, 4143, 3840, 3840, 4143, 5492,
2172, 3114, 4144, 4144, 3114, 5526,
2173, 4106, 4032, 4032, 4106, 6024,
2173, 4032, 3993, 3993, 4032, 6010,
2173, 4062, 4106, 4106, 4062, 5490,
2174, 4107, 3045, 3045, 4107, 5490,
2175, 3048, 4145, 4145, 3048, 5492,
2176, 4145, 4143, 4143, 4145, 5492,
2176, 4144, 3116, 3116, 4144, 5526,
2177, 4149, 4146, 4146, 4149, 6032,
2177, 4147, 4148, 4148, 4147, 6034,
2178, 4148, 4150, 4150, 4148, 6034,
2179, 4156, 4153, 4153, 4156, 6038,
2180, 4160, 4157, 4157, 4160, 6038,
2180, 4158, 4159, 4159, 4158, 6042,
2180, 4159, 4160, 4160, 4159, 6043,
2181, 4146, 4161, 4161, 4146, 6032,
2182, 4165, 4147, 4147, 4165, 6034,
2188, 4179, 4177, 4177, 4179, 6058,
2189, 4177, 4182, 4182, 4177, 6058,
2190, 4186, 4183, 4183, 4186, 6061,
2191, 4190, 4187, 4187, 4190, 6065,
2191, 4189, 4190, 4190, 4189, 6061,
2192, 4194, 4191, 4191, 4194, 6068,
2192, 4191, 4192, 4192, 4191, 6069,
2192, 4193, 4194, 4194, 4193, 6071,
2193, 4195, 4196, 4196, 4195, 6073,
2194, 4200, 4195, 4195, 4200, 6073,
2195, 4202, 4203, 4203, 4202, 6079,
2196, 4206, 4202, 4202, 4206, 6079,
2197, 4208, 4209, 4209, 4208, 6083,
2199, 4216, 4217, 4217, 4216, 6089,
2201, 4222, 4223, 4223, 4222, 6092,
2204, 4232, 4233, 4233, 4232, 6099,
2206, 4237, 4238, 4238, 4237, 6105,
2207, 4242, 4243, 4243, 4242, 6110,
2210, 4253, 4232, 4232, 4253, 6099,
2220, 4277, 4278, 4278, 4277, 6105,
2221, 4284, 4281, 4281, 4284, 6135,
2222, 4287, 4288, 4288, 4287, 6135,
2223, 4290, 4287, 4287, 4290, 6135,
2227, 4301, 4298, 4298, 4301, 6145,
2228, 4298, 4302, 4302, 4298, 6145,
2228, 4303, 4304, 4304, 4303, 6149,
2229, 4305, 4194, 4194, 4305, 6068,
2229, 4194, 4306, 4306, 4194, 6071,
2230, 4311, 4308, 4308, 4311, 6152,
2230, 4308, 4309, 4309, 4308, 6065,
2230, 4310, 4311, 4311, 4310, 6154,
2233, 4321, 4322, 4322, 4321, 6163,
2234, 4325, 4326, 4326, 4325, 6166,
2236, 4332, 4330, 4330, 4332, 6169,
2237, 4333, 4334, 4334, 4333, 6171,
2238, 4337, 4321, 4321, 4337, 6163,
2243, 4353, 4350, 4350, 4353, 6184,
2243, 4351, 4352, 4352, 4351, 6186,
2245, 4358, 4359, 4359, 4358, 6192,
2245, 4359, 4360, 4360, 4359, 6193,
2246, 4153, 4160, 4160, 4153, 6038,
2246, 4160, 4361, 4361, 4160, 6043,
2249, 4370, 4371, 4371, 4370, 6200,
2250, 4377, 4374, 4374, 4377, 6192,
2250, 4376, 4377, 4377, 4376, 6205,
2251, 4378, 4379, 4379, 4378, 6207,
2252, 4382, 4383, 4383, 4382, 6210,
2259, 4393, 4382, 4382, 4393, 6210,
2262, 4396, 4397, 4397, 4396, 6219,
2270, 4419, 4416, 4416, 4419, 6231,
2271, 4416, 4420, 4420, 4416, 6231,
2272, 4426, 4423, 4423, 4426, 6235,
2272, 4425, 4426, 4426, 4425, 6238,
2273, 4430, 4427, 4427, 4430, 6239,
2273, 4429, 4430, 4430, 4429, 6242,
2277, 4438, 4425, 4425, 4438, 6238,
2278, 4440, 4429, 4429, 4440, 6242,
2280, 4281, 4290, 4290, 4281, 6135,
2285, 4454, 4455, 4455, 4454, 6251,
2285, 4456, 4419, 4419, 4456, 6231,
2286, 4458, 4456, 4456, 4458, 6231,
2286, 4223, 4457, 4457, 4223, 6092,
2287, 4457, 4459, 4459, 4457, 6092,
2288, 4461, 4462, 4462, 4461, 6254,
2292, 4470, 4471, 4471, 4470, 6263,
2293, 4475, 4476, 4476, 4475, 6268,
2294, 4478, 4479, 4479, 4478, 6271,
2295, 4483, 4484, 4484, 4483, 6276,
2296, 4486, 4487, 4487, 4486, 6279,
2297, 4491, 4492, 4492, 4491, 6284,
2298, 4495, 4496, 4496, 4495, 6288,
2299, 4497, 4498, 4498, 4497, 6290,
2299, 4498, 4499, 4499, 4498, 6291,
2300, 4502, 4497, 4497, 4502, 6290,
2302, 4510, 4351, 4351, 4510, 6186,
2302, 4509, 4510, 4510, 4509, 6298,
2303, 4157, 4511, 4511, 4157, 6038,
2305, 4515, 4516, 4516, 4515, 6184,
2317, 4547, 4548, 4548, 4547, 6325,
2319, 4554, 4551, 4551, 4554, 6327,
2319, 4553, 4554, 4554, 4553, 6330,
2320, 4555, 4554, 4554, 4555, 6327,
2320, 4554, 4556, 4556, 4554, 6330,
2328, 4575, 4573, 4573, 4575, 6149,
2330, 4361, 4159, 4159, 4361, 6043,
2330, 4159, 4580, 4580, 4159, 6042,
2332, 4587, 4585, 4585, 4587, 6344,
2332, 4580, 4586, 4586, 4580, 6042,
2337, 4602, 4603, 4603, 4602, 6219,
2338, 4606, 4607, 4607, 4606, 6358,
2342, 4182, 4616, 4616, 4182, 6058,
2344, 4616, 4619, 4619, 4616, 6058,
2346, 4627, 4515, 4515, 4627, 6184,
2347, 4192, 4628, 4628, 4192, 6069,
2347, 4628, 4629, 4629, 4628, 6366,
2349, 4637, 4634, 4634, 4637, 6368,
2349, 4636, 4637, 4637, 4636, 6371,
2350, 4641, 4638, 4638, 4641, 6073,
2350, 4640, 4641, 4641, 4640, 6374,
2355, 4650, 4647, 4647, 4650, 6380,
2362, 4383, 4393, 4393, 4383, 6210,
2363, 4657, 4378, 4378, 4657, 6207,
2363, 4586, 4657, 4657, 4586, 6042,
2364, 4379, 4657, 4657, 4379, 6207,
2364, 4657, 4158, 4158, 4657, 6042,
2365, 4659, 4587, 4587, 4659, 6344,
2366, 4661, 4662, 4662, 4661, 6389,
2367, 4665, 4659, 4659, 4665, 6344,
2368, 4668, 4669, 4669, 4668, 6394,
2373, 4681, 4682, 4682, 4681, 6404,
2374, 4687, 4684, 4684, 4687, 6406,
2391, 4728, 4726, 4726, 4728, 6434,
2391, 4727, 4650, 4650, 4727, 6380,
2393, 4734, 4731, 4731, 4734, 6438,
2394, 4737, 4735, 4735, 4737, 6442,
2395, 4662, 4739, 4739, 4662, 6389,
2396, 4740, 4376, 4376, 4740, 6205,
2397, 4746, 4743, 4743, 4746, 6446,
2398, 4747, 4746, 4746, 4747, 6446,
2399, 4739, 4661, 4661, 4739, 6389,
2400, 4752, 4737, 4737, 4752, 6442,
2401, 4735, 4752, 4752, 4735, 6442,
2402, 4756, 4734, 4734, 4756, 6438,
2403, 4377, 4757, 4757, 4377, 6205,
2403, 4758, 4359, 4359, 4758, 6193,
2403, 4359, 4377, 4377, 4359, 6192,
2405, 4761, 4665, 4665, 4761, 6344,
2406, 4763, 4762, 4762, 4763, 6394,
2407, 4762, 4668, 4668, 4762, 6394,
2409, 4767, 4740, 4740, 4767, 6205,
2410, 4731, 4756, 4756, 4731, 6438,
2411, 4757, 4767, 4767, 4757, 6205,
2414, 4243, 4771, 4771, 4243, 6110,
2416, 4775, 4773, 4773, 4775, 6453,
2416, 4773, 4774, 4774, 4773, 6454,
2417, 4774, 4776, 4776, 4774, 6454,
2421, 4783, 4333, 4333, 4783, 6171,
2425, 4790, 4325, 4325, 4790, 6166,
2426, 4322, 4337, 4337, 4322, 6163,
2427, 4330, 4793, 4793, 4330, 6169,
2428, 4334, 4783, 4783, 4334, 6171,
2429, 4793, 4332, 4332, 4793, 6169,
2436, 4804, 4358, 4358, 4804, 6192,
2444, 4808, 4809, 4809, 4808, 6298,
2448, 4814, 4815, 4815, 4814, 6469,
2449, 4817, 4818, 4818, 4817, 6472,
2449, 4818, 4819, 4819, 4818, 6473,
2452, 4827, 4828, 4828, 4827, 6479,
2453, 4830, 4308, 4308, 4830, 6065,
2453, 4308, 4831, 4831, 4308, 6152,
2454, 4831, 4833, 4833, 4831, 6152,
2458, 4843, 4817, 4817, 4843, 6472,
2461, 4851, 4189, 4189, 4851, 6061,
2463, 4855, 4165, 4165, 4855, 6034,
2464, 4496, 4857, 4857, 4496, 6288,
2464, 4857, 4858, 4858, 4857, 6495,
2468, 4866, 4867, 4867, 4866, 6503,
2469, 4869, 4870, 4870, 4869, 6504,
2473, 4492, 4879, 4879, 4492, 6284,
2473, 4879, 4880, 4880, 4879, 6511,
2477, 4889, 4890, 4890, 4889, 6519,
2478, 4892, 4893, 4893, 4892, 6366,
2485, 4909, 4910, 4910, 4909, 6069,
2486, 4912, 4913, 4913, 4912, 6533,
2490, 4484, 4923, 4923, 4484, 6276,
2490, 4923, 4924, 4924, 4923, 6540,
2491, 4476, 4925, 4925, 4476, 6268,
2491, 4925, 4926, 4926, 4925, 6541,
2502, 4647, 4944, 4944, 4647, 6380,
2504, 4949, 4950, 4950, 4949, 6555,
2509, 4962, 4963, 4963, 4962, 6561,
2509, 4963, 4814, 4814, 4963, 6469,
2510, 4964, 4962, 4962, 4964, 6561,
2511, 4965, 4818, 4818, 4965, 6473,
2511, 4818, 4843, 4843, 4818, 6472,
2512, 4819, 4965, 4965, 4819, 6473,
2517, 4187, 4830, 4830, 4187, 6065,
2518, 4971, 4972, 4972, 4971, 6563,
2519, 4973, 4971, 4971, 4973, 6563,
2519, 4828, 4973, 4973, 4828, 6479,
2520, 4972, 4974, 4974, 4972, 6563,
2521, 4974, 4976, 4976, 4974, 6563,
2526, 4304, 4983, 4983, 4304, 6149,
2527, 4573, 4303, 4303, 4573, 6149,
2528, 4183, 4851, 4851, 4183, 6061,
2545, 4926, 5026, 5026, 4926, 6541,
2546, 5026, 4925, 4925, 5026, 6541,
2546, 4925, 4475, 4475, 4925, 6268,
2547, 5027, 5028, 5028, 5027, 6583,
2548, 5028, 5029, 5029, 5028, 6583,
2548, 5029, 4470, 4470, 5029, 6263,
2549, 4924, 5030, 5030, 4924, 6540,
2550, 5030, 4923, 4923, 5030, 6540,
2550, 4923, 4483, 4483, 4923, 6276,
2551, 5031, 5032, 5032, 5031, 6584,
2552, 5032, 5033, 5033, 5032, 6584,
2552, 5033, 4478, 4478, 5033, 6271,
2553, 5034, 4498, 4498, 5034, 6291,
2553, 4498, 4502, 4502, 4498, 6290,
2554, 4858, 5035, 5035, 4858, 6495,
2555, 5035, 4857, 4857, 5035, 6495,
2555, 4857, 4495, 4495, 4857, 6288,
2556, 4499, 5034, 5034, 4499, 6291,
2557, 4880, 5036, 5036, 4880, 6511,
2558, 5036, 4879, 4879, 5036, 6511,
2558, 4879, 4491, 4491, 4879, 6284,
2559, 5037, 5038, 5038, 5037, 6585,
2560, 5038, 5039, 5039, 5038, 6585,
2560, 5039, 4486, 4486, 5039, 6279,
2593, 5080, 5081, 5081, 5080, 6068,
2594, 4910, 4191, 4191, 4910, 6069,
2594, 4191, 5080, 5080, 4191, 6068,
2595, 5082, 4912, 4912, 5082, 6533,
2596, 5083, 5082, 5082, 5083, 6533,
2597, 5084, 4909, 4909, 5084, 6069,
2598, 4893, 4628, 4628, 4893, 6366,
2598, 4628, 5084, 5084, 4628, 6069,
2599, 5085, 4889, 4889, 5085, 6519,
2600, 5086, 4869, 4869, 5086, 6504,
2601, 4833, 5087, 5087, 4833, 6152,
2601, 5087, 5086, 5086, 5087, 6504,
2603, 5090, 4892, 4892, 5090, 6366,
2604, 4870, 5091, 5091, 4870, 6504,
2604, 5091, 5090, 5090, 5091, 6366,
2605, 5092, 4866, 4866, 5092, 6503,
2606, 5093, 4827, 4827, 5093, 6479,
2607, 5096, 5093, 5093, 5096, 6479,
2607, 5094, 5095, 5095, 5094, 6503,
2608, 5095, 5097, 5097, 5095, 6503,
2608, 5097, 5098, 5098, 5097, 6519,
2609, 5098, 5100, 5100, 5098, 6519,
2609, 5100, 5101, 5101, 5100, 6533,
2610, 5081, 4305, 4305, 5081, 6068,
2611, 5105, 4310, 4310, 5105, 6154,
2612, 4976, 4973, 4973, 4976, 6563,
2612, 4973, 5096, 5096, 4973, 6479,
2613, 4815, 4963, 4963, 4815, 6469,
2613, 4963, 4964, 4964, 4963, 6561,
2614, 4190, 4186, 4186, 4190, 6061,
2614, 4309, 4190, 4190, 4309, 6065,
2619, 4302, 4301, 4301, 4302, 6145,
2623, 5100, 5085, 5085, 5100, 6519,
2623, 4913, 5100, 5100, 4913, 6533,
2624, 4479, 5033, 5033, 4479, 6271,
2624, 5033, 5031, 5031, 5033, 6584,
2625, 4306, 4193, 4193, 4306, 6071,
2626, 5101, 5083, 5083, 5101, 6533,
2627, 5087, 4311, 4311, 5087, 6152,
2627, 4311, 5105, 5105, 4311, 6154,
2627, 5114, 5087, 5087, 5114, 6504,
2628, 5097, 5092, 5092, 5097, 6503,
2628, 4890, 5097, 5097, 4890, 6519,
2629, 4487, 5039, 5039, 4487, 6279,
2629, 5039, 5037, 5037, 5039, 6585,
2630, 4471, 5029, 5029, 4471, 6263,
2630, 5029, 5027, 5027, 5029, 6583,
2631, 4867, 5094, 5094, 4867, 6503,
2634, 5119, 5117, 5117, 5119, 6606,
2635, 5120, 5121, 5121, 5120, 6608,
2635, 5121, 4547, 4547, 5121, 6325,
2636, 5122, 5123, 5123, 5122, 6610,
2636, 5123, 5124, 5124, 5123, 6089,
2638, 5129, 5130, 5130, 5129, 6612,
2638, 5130, 5122, 5122, 5130, 6610,
2639, 5131, 4208, 4208, 5131, 6083,
2639, 4217, 5131, 5131, 4217, 6089,
2640, 5124, 4216, 4216, 5124, 6089,
2643, 5134, 5135, 5135, 5134, 6612,
2644, 5136, 5137, 5137, 5136, 6610,
2644, 5138, 4206, 4206, 5138, 6079,
2646, 5131, 5123, 5123, 5131, 6089,
2646, 5123, 5136, 5136, 5123, 6610,
2646, 4209, 5131, 5131, 4209, 6083,
2647, 4548, 5121, 5121, 4548, 6325,
2647, 5121, 5141, 5141, 5121, 6608,
2648, 5143, 5138, 5138, 5143, 6079,
2650, 5151, 5149, 5149, 5151, 6330,
2651, 5153, 5129, 5129, 5153, 6612,
2652, 5154, 5155, 5155, 5154, 6404,
2653, 5155, 4681, 4681, 5155, 6404,
2655, 5141, 5120, 5120, 5141, 6608,
2659, 5167, 5166, 5166, 5167, 6625,
2660, 4682, 5168, 5168, 4682, 6404,
2660, 5168, 5167, 5167, 5168, 6625,
2669, 5180, 5181, 5181, 5180, 6632,
2670, 5181, 5183, 5183, 5181, 6632,
2670, 5183, 5184, 5184, 5183, 6358,
2671, 4551, 4555, 4555, 4551, 6327,
2674, 5149, 4553, 4553, 5149, 6330,
2675, 4278, 5189, 5189, 4278, 6105,
2676, 5189, 4237, 4237, 5189, 6105,
2676, 4420, 4458, 4458, 4420, 6231,
2680, 5196, 5193, 5193, 5196, 6454,
2681, 4462, 5197, 5197, 4462, 6254,
2681, 5197, 4222, 4222, 5197, 6092,
2684, 5203, 4454, 4454, 5203, 6251,
2685, 4455, 5203, 5203, 4455, 6251,
2686, 5208, 4640, 4640, 5208, 6374,
2689, 5216, 4636, 4636, 5216, 6371,
2691, 4459, 5197, 5197, 4459, 6092,
2691, 5197, 4461, 4461, 5197, 6254,
2692, 4776, 5196, 5196, 4776, 6454,
2698, 4371, 5230, 5230, 4371, 6200,
2702, 5135, 5153, 5153, 5135, 6612,
2708, 4669, 5238, 5238, 4669, 6394,
2723, 4983, 4575, 4575, 4983, 6149,
2743, 5248, 5249, 5249, 5248, 6239,
2744, 4641, 5208, 5208, 4641, 6374,
2744, 4196, 4641, 4641, 4196, 6073,
2745, 5249, 5253, 5253, 5249, 6239,
2746, 4423, 5255, 5255, 4423, 6235,
2747, 5255, 5257, 5257, 5255, 6235,
2747, 4634, 5258, 5258, 4634, 6368,
2748, 5260, 4637, 4637, 5260, 6368,
2748, 4637, 5216, 5216, 4637, 6371,
2752, 4427, 5248, 5248, 4427, 6239,
2753, 5253, 4430, 4430, 5253, 6239,
2753, 4430, 4440, 4440, 4430, 6242,
2754, 4426, 4438, 4438, 4426, 6238,
2754, 5267, 4426, 4426, 5267, 6235,
2755, 5257, 5267, 5267, 5257, 6235,
2757, 5193, 4773, 4773, 5193, 6454,
2757, 4773, 5270, 5270, 4773, 6453,
2763, 5270, 4775, 4775, 5270, 6453,
2764, 4771, 4242, 4242, 4771, 6110,
2766, 4326, 4790, 4790, 4326, 6166,
2771, 4288, 4284, 4284, 4288, 6135,
2773, 4238, 4277, 4277, 4238, 6105,
2777, 5258, 5280, 5280, 5258, 6368,
2778, 5280, 5260, 5260, 5280, 6368,
2780, 4638, 4200, 4200, 4638, 6073,
2787, 4556, 5151, 5151, 4556, 6330,
2790, 5230, 5297, 5297, 5230, 6200,
2791, 5298, 4687, 4687, 5298, 6406,
2796, 4360, 4758, 4758, 4360, 6193,
2798, 4585, 4761, 4761, 4585, 6344,
2801, 4743, 4747, 4747, 4743, 6446,
2803, 5166, 5168, 5168, 5166, 6625,
2803, 5168, 5154, 5154, 5168, 6404,
2806, 4809, 4509, 4509, 4809, 6298,
2812, 4619, 4179, 4179, 4619, 6058,
2816, 4944, 5316, 5316, 4944, 6380,
2820, 4352, 4510, 4510, 4352, 6186,
2820, 4510, 5320, 5320, 4510, 6298,
2821, 4161, 4149, 4149, 4161, 6032,
2826, 5326, 4606, 4606, 5326, 6358,
2828, 5238, 4763, 4763, 5238, 6394,
2831, 4603, 5328, 5328, 4603, 6219,
2836, 5335, 4370, 4370, 5335, 6200,
2840, 4397, 4602, 4602, 4397, 6219,
2850, 5345, 4728, 4728, 5345, 6434,
2851, 5347, 4949, 4949, 5347, 6555,
2852, 4150, 4855, 4855, 4150, 6034,
2853, 4511, 4156, 4156, 4511, 6038,
2854, 5328, 4396, 4396, 5328, 6219,
2856, 4629, 5091, 5091, 4629, 6366,
2856, 5091, 5114, 5114, 5091, 6504,
2857, 5316, 4727, 4727, 5316, 6380,
2864, 5350, 5351, 5351, 5350, 6434,
2865, 5184, 5326, 5326, 5184, 6358,
2865, 4374, 4804, 4804, 4374, 6192,
2866, 5183, 5180, 5180, 5183, 6632,
2866, 4607, 5183, 5183, 4607, 6358,
2870, 5357, 5355, 5355, 5357, 6606,
2871, 5358, 5119, 5119, 5358, 6606,
2875, 4233, 4253, 4253, 4233, 6099,
2876, 4203, 5143, 5143, 4203, 6079,
2878, 5355, 5358, 5358, 5355, 6606,
2882, 4516, 4353, 4353, 4516, 6184,
2883, 4350, 4627, 4627, 4350, 6184,
2884, 5297, 5335, 5335, 5297, 6200,
2886, 5351, 5345, 5345, 5351, 6434,
2887, 4726, 5350, 5350, 4726, 6434,
2892, 4950, 5347, 5347, 4950, 6555,
2895, 5117, 5357, 5357, 5117, 6606,
2896, 5137, 5130, 5130, 5137, 6610,
2896, 5130, 5134, 5134, 5130, 6612,
2899, 5320, 4808, 4808, 5320, 6298,
2900, 4684, 5298, 5298, 4684, 6406,
