6674, 11273, 11274, 11274, 11273, 18750,
6676, 11279, 11280, 11280, 11279, 18752,
6687, 11294, 11295, 11295, 11294, 18760,
6688, 11297, 11298, 11298, 11297, 18761,
6693, 11312, 11313, 11313, 11312, 18766,
6704, 11323, 11324, 11324, 11323, 18773,
6718, 11343, 11344, 11344, 11343, 18782,
6721, 11352, 11353, 11353, 11352, 18782,
6729, 11365, 11366, 11366, 11365, 18788,
6734, 11377, 11378, 11378, 11377, 18790,
6735, 11380, 11381, 11381, 11380, 18790,
6742, 11401, 11402, 11402, 11401, 18766,
6747, 11408, 11409, 11409, 11408, 18799,
6751, 11420, 11421, 11421, 11420, 18803,
6770, 11444, 11401, 11401, 11444, 18766,
6774, 11402, 11312, 11312, 11402, 18766,
6787, 11454, 11455, 11455, 11454, 18813,
6790, 11463, 11464, 11464, 11463, 18816,
6791, 11466, 11467, 11467, 11466, 18817,
6793, 11472, 11473, 11473, 11472, 18813,
6796, 11353, 11343, 11343, 11353, 18782,
6803, 11490, 11491, 11491, 11490, 18823,
6807, 11502, 11503, 11503, 11502, 18826,
6808, 11505, 11506, 11506, 11505, 18827,
6818, 11523, 11524, 11524, 11523, 18833,
6821, 11532, 11533, 11533, 11532, 18836,
6823, 11538, 11539, 11539, 11538, 18838,
6827, 11550, 11323, 11323, 11550, 18773,
6833, 11565, 11352, 11352, 11565, 18782,
6855, 11570, 11571, 11571, 11570, 18833,
6866, 11590, 11365, 11365, 11590, 18788,
6881, 11524, 11603, 11603, 11524, 18833,
6889, 11618, 11619, 11619, 11618, 18857,
6898, 11636, 11472, 11472, 11636, 18813,
6903, 11640, 11641, 11641, 11640, 18862,
6908, 11280, 11652, 11652, 11280, 18752,
6909, 11654, 11655, 11655, 11654, 18864,
6919, 11491, 11666, 11666, 11491, 18823,
6935, 11680, 11681, 11681, 11680, 18871,
6946, 11701, 11702, 11702, 11701, 18752,
6955, 11706, 11707, 11707, 11706, 18878,
6956, 11709, 11710, 11710, 11709, 18879,
6966, 11729, 11730, 11730, 11729, 18886,
6978, 11745, 11746, 11746, 11745, 18891,
6986, 11759, 11760, 11760, 11759, 18896,
6995, 11764, 11273, 11273, 11764, 18750,
6999, 11366, 11774, 11774, 11366, 18788,
7009, 11790, 11791, 11791, 11790, 18904,
7028, 11804, 11805, 11805, 11804, 18908,
7037, 11817, 11818, 11818, 11817, 18911,
7040, 11818, 11823, 11823, 11818, 18911,
7056, 11841, 11842, 11842, 11841, 18918,
7065, 11860, 11861, 11861, 11860, 18924,
7085, 11878, 11879, 11879, 11878, 18932,
7094, 11893, 11894, 11894, 11893, 18938,
7096, 11899, 11900, 11900, 11899, 18940,
7121, 11900, 11929, 11929, 11900, 18940,
7122, 11931, 11932, 11932, 11931, 18956,
7130, 11943, 11944, 11944, 11943, 18960,
7131, 11946, 11943, 11943, 11946, 18960,
7134, 11951, 11952, 11952, 11951, 18961,
7137, 11960, 11961, 11961, 11960, 18964,
7138, 11963, 11964, 11964, 11963, 18965,
7139, 11966, 11967, 11967, 11966, 18965,
7157, 11985, 11986, 11986, 11985, 18972,
7158, 11988, 11817, 11817, 11988, 18911,
7159, 11823, 11990, 11990, 11823, 18911,
7161, 11944, 11994, 11994, 11944, 18960,
7164, 11994, 11999, 11999, 11994, 18960,
7168, 11964, 12007, 12007, 11964, 18965,
7171, 12012, 12013, 12013, 12012, 18908,
7174, 12019, 12020, 12020, 12019, 18973,
7177, 12007, 11966, 11966, 12007, 18965,
7193, 12036, 12037, 12037, 12036, 18977,
7206, 11619, 12054, 12054, 11619, 18857,
7209, 12061, 12062, 12062, 12061, 18760,
7226, 11774, 12080, 12080, 11774, 18788,
7247, 12088, 12089, 12089, 12088, 18956,
7253, 12106, 12107, 12107, 12106, 18993,
7254, 12109, 12110, 12110, 12109, 18994,
7259, 12116, 11985, 11985, 12116, 18972,
7271, 12128, 12019, 12019, 12128, 18973,
7277, 12138, 12139, 12139, 12138, 18995,
7281, 12149, 12138, 12138, 12149, 18995,
7288, 12154, 12109, 12109, 12154, 18994,
7289, 12107, 12156, 12156, 12107, 18993,
7294, 11932, 12088, 12088, 11932, 18956,
7307, 12168, 12169, 12169, 12168, 19000,
7309, 12174, 12175, 12175, 12174, 18918,
7311, 12175, 12180, 12180, 12175, 18918,
7316, 12191, 12192, 12192, 12191, 18904,
7324, 12203, 12204, 12204, 12203, 19006,
7328, 11473, 11454, 11454, 11473, 18813,
7329, 11464, 12212, 12212, 11464, 18816,
7332, 12212, 11463, 11463, 12212, 18816,
7348, 12228, 11709, 11709, 12228, 18879,
7349, 11707, 12230, 12230, 11707, 18878,
7354, 11710, 12228, 12228, 11710, 18879,
7366, 12253, 12254, 12254, 12253, 19012,
7373, 12259, 12260, 12260, 12259, 18878,
7376, 12260, 11706, 11706, 12260, 18878,
7382, 12276, 12061, 12061, 12276, 18760,
7386, 12192, 11790, 11790, 12192, 18904,
7392, 12286, 11408, 11408, 12286, 18799,
7395, 12254, 12290, 12290, 12254, 19012,
7396, 12292, 12293, 12293, 12292, 19013,
7399, 12300, 12301, 12301, 12300, 19015,
7401, 12306, 12307, 12307, 12306, 18761,
7402, 12309, 12310, 12310, 12309, 19017,
7407, 12314, 12286, 12286, 12314, 18799,
7409, 11298, 12306, 12306, 11298, 18761,
7411, 12062, 11294, 11294, 12062, 18760,
7423, 12326, 12327, 12327, 12326, 19017,
7427, 12310, 12338, 12338, 12310, 19017,
7430, 12346, 12300, 12300, 12346, 19015,
7431, 12348, 11297, 11297, 12348, 18761,
7432, 11295, 12276, 12276, 11295, 18760,
7440, 12327, 12309, 12309, 12327, 19017,
7441, 12307, 12348, 12348, 12307, 18761,
7443, 12358, 12292, 12292, 12358, 19013,
7444, 12290, 12253, 12253, 12290, 19012,
7450, 11313, 11444, 11444, 11313, 18766,
7451, 12372, 12373, 12373, 12372, 19023,
7455, 12384, 12385, 12385, 12384, 19027,
7456, 12387, 12388, 12388, 12387, 19028,
7459, 12396, 12397, 12397, 12396, 19031,
7460, 12399, 12400, 12400, 12399, 19032,
7463, 12408, 12409, 12409, 12408, 19035,
7466, 12417, 12418, 12418, 12417, 19023,
7467, 12420, 11502, 11502, 12420, 18826,
7469, 12424, 12425, 12425, 12424, 19038,
7470, 12427, 12428, 12428, 12427, 19039,
7471, 12430, 12431, 12431, 12430, 19040,
7478, 12451, 12452, 12452, 12451, 19047,
7479, 12454, 12455, 12455, 12454, 19048,
7480, 12457, 12458, 12458, 12457, 19049,
7483, 12466, 12467, 12467, 12466, 19040,
7486, 12475, 12476, 12476, 12475, 19035,
7502, 12497, 12498, 12498, 12497, 19060,
7519, 12512, 12513, 12513, 12512, 19067,
7522, 12519, 12520, 12520, 12519, 19068,
7523, 12522, 12523, 12523, 12522, 19069,
7524, 12525, 12526, 12526, 12525, 19070,
7529, 12538, 12539, 12539, 12538, 19073,
7530, 12541, 12542, 12542, 12541, 19074,
7531, 12544, 12424, 12424, 12544, 19038,
7536, 12554, 12555, 12555, 12554, 19075,
7540, 12431, 12466, 12466, 12431, 19040,
7541, 12476, 12564, 12564, 12476, 19035,
7544, 12564, 12408, 12408, 12564, 19035,
7545, 12418, 12570, 12570, 12418, 19023,
7548, 12570, 12372, 12372, 12570, 19023,
7550, 12578, 12538, 12538, 12578, 19073,
7551, 12580, 12578, 12578, 12580, 19073,
7555, 12590, 12417, 12417, 12590, 19023,
7561, 12606, 11505, 11505, 12606, 18827,
7562, 11503, 12608, 12608, 11503, 18826,
7564, 12613, 12606, 12606, 12613, 18827,
7573, 12628, 12420, 12420, 12628, 18826,
7574, 12428, 12630, 12630, 12428, 19039,
7576, 12635, 12628, 12628, 12635, 18826,
7579, 12642, 12475, 12475, 12642, 19035,
7585, 12658, 12659, 12659, 12658, 19092,
7586, 12661, 12662, 12662, 12661, 18827,
7587, 12664, 12658, 12658, 12664, 19092,
7594, 12682, 12430, 12430, 12682, 19040,
7596, 12687, 12682, 12682, 12687, 19040,
7601, 12700, 12701, 12701, 12700, 19075,
7602, 12703, 12704, 12704, 12703, 19092,
7603, 12555, 12700, 12700, 12555, 19075,
7672, 12717, 12399, 12399, 12717, 19032,
7673, 12397, 12719, 12719, 12397, 19031,
7676, 12719, 12396, 12396, 12719, 19031,
7680, 12735, 12736, 12736, 12735, 19105,
7681, 12738, 12739, 12739, 12738, 19106,
7684, 12739, 12746, 12746, 12739, 19106,
7688, 12757, 12758, 12758, 12757, 19110,
7692, 12769, 12770, 12770, 12769, 19114,
7693, 12772, 12773, 12773, 12772, 19115,
7696, 12773, 12780, 12780, 12773, 19115,
7700, 12791, 12792, 12792, 12791, 19120,
7701, 12794, 12757, 12757, 12794, 19110,
7704, 12801, 12457, 12457, 12801, 19049,
7705, 12455, 12803, 12803, 12455, 19048,
7708, 12803, 12454, 12454, 12803, 19048,
7712, 12819, 12820, 12820, 12819, 19125,
7713, 12822, 12823, 12823, 12822, 19126,
7716, 12823, 12830, 12830, 12823, 19126,
7720, 12841, 12387, 12387, 12841, 19028,
7721, 12385, 12843, 12843, 12385, 19027,
7724, 12843, 12384, 12384, 12843, 19027,
7728, 12859, 12860, 12860, 12859, 19133,
7729, 12862, 12863, 12863, 12862, 19134,
7732, 12863, 12870, 12870, 12863, 19134,
7802, 12887, 12888, 12888, 12887, 19068,
7804, 12892, 12893, 12893, 12892, 18977,
7810, 12037, 12906, 12906, 12037, 18977,
7817, 12542, 12913, 12913, 12542, 19074,
7821, 12913, 12922, 12922, 12913, 19074,
7823, 12539, 12926, 12926, 12539, 19073,
7826, 12934, 12541, 12541, 12934, 19074,
7828, 12922, 12934, 12934, 12922, 19074,
7832, 12947, 12948, 12948, 12947, 19067,
7852, 12961, 12962, 12962, 12961, 19150,
7856, 12973, 12974, 12974, 12973, 19153,
7857, 12976, 12961, 12961, 12976, 19150,
7860, 12983, 12522, 12522, 12983, 19069,
7864, 12993, 12525, 12525, 12993, 19070,
7865, 12523, 12983, 12983, 12523, 19069,
7884, 11324, 11550, 11550, 11324, 18773,
7893, 11666, 13008, 13008, 11666, 18823,
7916, 12870, 12862, 12862, 12870, 19134,
7917, 12860, 13016, 13016, 12860, 19133,
7919, 12830, 12822, 12822, 12830, 19126,
7920, 12820, 13021, 13021, 12820, 19125,
7933, 12467, 12687, 12687, 12467, 19040,
7937, 12704, 12664, 12664, 12704, 19092,
7957, 12662, 12613, 12613, 12662, 18827,
7961, 12409, 12642, 12642, 12409, 19035,
7972, 12746, 12738, 12738, 12746, 19106,
7973, 12736, 13060, 13060, 12736, 19105,
7985, 12608, 12635, 12635, 12608, 18826,
7989, 12373, 12590, 12590, 12373, 19023,
7999, 12780, 12772, 12772, 12780, 19115,
8000, 12770, 13081, 13081, 12770, 19114,
8004, 13090, 11538, 11538, 13090, 18838,
8013, 13099, 12887, 12887, 13099, 19068,
8024, 13106, 12973, 12973, 13106, 19153,
8037, 12630, 13116, 13116, 12630, 19039,
8040, 13116, 13121, 13121, 13116, 19039,
8041, 13123, 12947, 12947, 13123, 19067,
8045, 12926, 12580, 12580, 12926, 19073,
8056, 12962, 12976, 12976, 12962, 19150,
8057, 12974, 13106, 13106, 12974, 19153,
8060, 12526, 12993, 12993, 12526, 19070,
8067, 11702, 11279, 11279, 11702, 18752,
8096, 13161, 11466, 11466, 13161, 18817,
8109, 13175, 13176, 13176, 13175, 19170,
8112, 13182, 13183, 13183, 13182, 19171,
8115, 13176, 13188, 13188, 13176, 19170,
8120, 13198, 13199, 13199, 13198, 19173,
8123, 13206, 11878, 11878, 13206, 18932,
8138, 13224, 13182, 13182, 13224, 19171,
8153, 12089, 13236, 13236, 12089, 18956,
8157, 13236, 11931, 11931, 13236, 18956,
8158, 11929, 11899, 11899, 11929, 18940,
8163, 11894, 13250, 13250, 11894, 18938,
8174, 13269, 13270, 13270, 13269, 19182,
8178, 13281, 13282, 13282, 13281, 19185,
8182, 13292, 13269, 13269, 13292, 19182,
8187, 13298, 13299, 13299, 13298, 18857,
8194, 13299, 11618, 11618, 13299, 18857,
8195, 13316, 11745, 11745, 13316, 18891,
8203, 13330, 13331, 13331, 13330, 18817,
8204, 13333, 11759, 11759, 13333, 18896,
8206, 13270, 13336, 13336, 13270, 19182,
8210, 13344, 13281, 13281, 13344, 19185,
8211, 13346, 13347, 13347, 13346, 19193,
8218, 13360, 13346, 13346, 13360, 19193,
8221, 13365, 13366, 13366, 13365, 19195,
8225, 13374, 11729, 11729, 13374, 18886,
8230, 11730, 13374, 13374, 11730, 18886,
8233, 13385, 13292, 13292, 13385, 19182,
8235, 13366, 13388, 13388, 13366, 19195,
8242, 13347, 13360, 13360, 13347, 19193,
8246, 13282, 13344, 13344, 13282, 19185,
8248, 13408, 11490, 11490, 13408, 18823,
8250, 11344, 11565, 11565, 11344, 18782,
8302, 11274, 11764, 11764, 11274, 18750,
8305, 12230, 12259, 12259, 12230, 18878,
8319, 12054, 13298, 13298, 12054, 18857,
8326, 13434, 13316, 13316, 13434, 18891,
8328, 13388, 13365, 13365, 13388, 19195,
8331, 13440, 13434, 13434, 13440, 18891,
8336, 13451, 13452, 13452, 13451, 19198,
8337, 13454, 13455, 13455, 13454, 19199,
8339, 13452, 13460, 13460, 13452, 19198,
8342, 13468, 13454, 13454, 13468, 19199,
8343, 13470, 13471, 13471, 13470, 19202,
8362, 13008, 13408, 13408, 13008, 18823,
8367, 12020, 12128, 12128, 12020, 18973,
8370, 11805, 12012, 12012, 11805, 18908,
8371, 11986, 12116, 12116, 11986, 18972,
8374, 11990, 11988, 11988, 11990, 18911,
8381, 11506, 12661, 12661, 11506, 18827,
8382, 12659, 13496, 13496, 12659, 19092,
8386, 13502, 11377, 11377, 13502, 18790,
8393, 11681, 13508, 13508, 11681, 18871,
8400, 13508, 13519, 13519, 13508, 18871,
8415, 11455, 11636, 11636, 11455, 18813,
8419, 11603, 11570, 11570, 11603, 18833,
8440, 13460, 13539, 13539, 13460, 19198,
8442, 11746, 13440, 13440, 11746, 18891,
8448, 13539, 13545, 13545, 13539, 19198,
8449, 13547, 13548, 13548, 13547, 19207,
8458, 12893, 12036, 12036, 12893, 18977,
8484, 11791, 13566, 13566, 11791, 18904,
8485, 13568, 12203, 12203, 13568, 19006,
8487, 13566, 12191, 12191, 13566, 18904,
8490, 12204, 13568, 13568, 12204, 19006,
8495, 12293, 12358, 12358, 12293, 19013,
8533, 11381, 13502, 13502, 11381, 18790,
8542, 11533, 13600, 13600, 11533, 18836,
8543, 11652, 11701, 11701, 11652, 18752,
8546, 13606, 11654, 11654, 13606, 18864,
8552, 13610, 12791, 12791, 13610, 19120,
8556, 12758, 12794, 12794, 12758, 19110,
8557, 12792, 13610, 13610, 12792, 19120,
8559, 13081, 12769, 12769, 13081, 19114,
8563, 13060, 12735, 12735, 13060, 19105,
8568, 12400, 12717, 12717, 12400, 19032,
8571, 13021, 12819, 12819, 13021, 19125,
8576, 12458, 12801, 12801, 12458, 19049,
8579, 13016, 12859, 12859, 13016, 19133,
8584, 12388, 12841, 12841, 12388, 19028,
8593, 12156, 12106, 12106, 12156, 18993,
8598, 12110, 13656, 13656, 12110, 18994,
8600, 13656, 13659, 13659, 13656, 18994,
8602, 13664, 12168, 12168, 13664, 19000,
8603, 13666, 13664, 13664, 13666, 19000,
8605, 12139, 12149, 12149, 12139, 18995,
8625, 13677, 13678, 13678, 13677, 18924,
8633, 13688, 11960, 11960, 13688, 18964,
8637, 13696, 11951, 11951, 13696, 18961,
8651, 11961, 13688, 13688, 11961, 18964,
8654, 11967, 11963, 11963, 11967, 18965,
8655, 11952, 13696, 13696, 11952, 18961,
8658, 11999, 11946, 11946, 11999, 18960,
8661, 12169, 13712, 13712, 12169, 19000,
8666, 13712, 13666, 13666, 13712, 19000,
8689, 11571, 11523, 11523, 11571, 18833,
8692, 13730, 13470, 13470, 13730, 19202,
8704, 13471, 13730, 13730, 13471, 19202,
8709, 13455, 13468, 13468, 13455, 19199,
8711, 13336, 13385, 13385, 13336, 19182,
8714, 11467, 13330, 13330, 11467, 18817,
8717, 12080, 11590, 11590, 12080, 18788,
8728, 13548, 13759, 13759, 13548, 19207,
8729, 13761, 13762, 13762, 13761, 18836,
8731, 11760, 13333, 13333, 11760, 18896,
8732, 13331, 13161, 13161, 13331, 18817,
8740, 11655, 13606, 13606, 11655, 18864,
8742, 11378, 11380, 11380, 11378, 18790,
8752, 13778, 13198, 13198, 13778, 19173,
8757, 13183, 13224, 13224, 13183, 19171,
8762, 13188, 13175, 13175, 13188, 19170,
8767, 11879, 13206, 13206, 11879, 18932,
8771, 13199, 13778, 13778, 13199, 19173,
8783, 12425, 12544, 12544, 12425, 19038,
8785, 12513, 13123, 13123, 12513, 19067,
8786, 13121, 12427, 12427, 13121, 19039,
8788, 12452, 13809, 13809, 12452, 19047,
8789, 13811, 12554, 12554, 13811, 19075,
8791, 12906, 12892, 12892, 12906, 18977,
8793, 12498, 13816, 13816, 12498, 19060,
8798, 13816, 12497, 12497, 13816, 19060,
8810, 13832, 13677, 13677, 13832, 18924,
8811, 11861, 13832, 13832, 11861, 18924,
8818, 13678, 11860, 11860, 13678, 18924,
8821, 12180, 11841, 11841, 12180, 18918,
8850, 13852, 11420, 11420, 13852, 18803,
8860, 13250, 11893, 11893, 13250, 18938,
8865, 11842, 12174, 12174, 11842, 18918,
8867, 11421, 13852, 13852, 11421, 18803,
8880, 13659, 12154, 12154, 13659, 18994,
8888, 12338, 12326, 12326, 12338, 19017,
8897, 12301, 12346, 12346, 12301, 19015,
8900, 13890, 12314, 12314, 13890, 18799,
8905, 11409, 13890, 13890, 11409, 18799,
8908, 13902, 11804, 11804, 13902, 18908,
8913, 12013, 13902, 13902, 12013, 18908,
8915, 13809, 12451, 12451, 13809, 19047,
8917, 13496, 12703, 12703, 13496, 19092,
8918, 12701, 13811, 13811, 12701, 19075,
8919, 12520, 13099, 13099, 12520, 19068,
8922, 12948, 12512, 12512, 12948, 19067,
8926, 12888, 12519, 12519, 12888, 19068,
8927, 13519, 13922, 13922, 13519, 18871,
8934, 13922, 11680, 11680, 13922, 18871,
8944, 13936, 13090, 13090, 13936, 18838,
8950, 11641, 13944, 13944, 11641, 18862,
8951, 13759, 13547, 13547, 13759, 19207,
8952, 13545, 13451, 13451, 13545, 19198,
8954, 13600, 13761, 13761, 13600, 18836,
8958, 13762, 11532, 11532, 13762, 18836,
8961, 11539, 13956, 13956, 11539, 18838,
8964, 13956, 13936, 13936, 13956, 18838,
8966, 13944, 11640, 11640, 13944, 18862,
8967, 13964, 13965, 13965, 13964, 19212,
8969, 13970, 13971, 13971, 13970, 19214,
8972, 13971, 13978, 13978, 13971, 19214,
8975, 13986, 13987, 13987, 13986, 19218,
8979, 13998, 13999, 13999, 13998, 19218,
8981, 14004, 14005, 14005, 14004, 19222,
8982, 14007, 14008, 14008, 14007, 19223,
8983, 13965, 14010, 14010, 13965, 19212,
8989, 14026, 13970, 13970, 14026, 19214,
8999, 14034, 14035, 14035, 14034, 19232,
9006, 14035, 14052, 14052, 14035, 19232,
9007, 14054, 14055, 14055, 14054, 19235,
9011, 14066, 14067, 14067, 14066, 19239,
9014, 14075, 14076, 14076, 14075, 19235,
9015, 14078, 14079, 14079, 14078, 19242,
9016, 14081, 14082, 14082, 14081, 19243,
9018, 14087, 14088, 14088, 14087, 19245,
9020, 14093, 14094, 14094, 14093, 19247,
9025, 14108, 14093, 14093, 14108, 19247,
9028, 14115, 14116, 14116, 14115, 19253,
9033, 14128, 14115, 14115, 14128, 19253,
9036, 14135, 14136, 14136, 14135, 19257,
9045, 14150, 14151, 14151, 14150, 19261,
9053, 14162, 14163, 14163, 14162, 19264,
9066, 14179, 14180, 14180, 14179, 19270,
9068, 14185, 14186, 14186, 14185, 19272,
9073, 14200, 14201, 14201, 14200, 19277,
9083, 14208, 14179, 14179, 14208, 19270,
9112, 14227, 14228, 14228, 14227, 19272,
9115, 14236, 14237, 14237, 14236, 19288,
9122, 14257, 14258, 14258, 14257, 19288,
9123, 14260, 14257, 14257, 14260, 19288,
9135, 14274, 14275, 14275, 14274, 19298,
9140, 14275, 14288, 14288, 14275, 19298,
9142, 14293, 14294, 14294, 14293, 19302,
9144, 14299, 14078, 14078, 14299, 19242,
9145, 14088, 14301, 14301, 14088, 19245,
9147, 14306, 14307, 14307, 14306, 19305,
9148, 14309, 14310, 14310, 14309, 19239,
9150, 14315, 14316, 14316, 14315, 19307,
9162, 14331, 14332, 14332, 14331, 19315,
9166, 14343, 14344, 14344, 14343, 19318,
9171, 14348, 14349, 14349, 14348, 19321,
9176, 14361, 14362, 14362, 14361, 19323,
9181, 14374, 14331, 14331, 14374, 19315,
9191, 14384, 14385, 14385, 14384, 19330,
9193, 14390, 14391, 14391, 14390, 19332,
9201, 14406, 14407, 14407, 14406, 19338,
9202, 14409, 14410, 14410, 14409, 19339,
9204, 13987, 13998, 13998, 13987, 19218,
9205, 14008, 14415, 14415, 14008, 19223,
9216, 14425, 14426, 14426, 14425, 19342,
9219, 14434, 14435, 14435, 14434, 19338,
9222, 14443, 14444, 14444, 14443, 19347,
9224, 14449, 14450, 14450, 14449, 19349,
9229, 14462, 14463, 14463, 14462, 19352,
9241, 14474, 14462, 14462, 14474, 19352,
9244, 14481, 14482, 14482, 14481, 19356,
9267, 14494, 14495, 14495, 14494, 19362,
9272, 14495, 14508, 14508, 14495, 19362,
9275, 14516, 14517, 14517, 14516, 19366,
9278, 14525, 14526, 14526, 14525, 19369,
9279, 14528, 14529, 14529, 14528, 19370,
9282, 14537, 14538, 14538, 14537, 19373,
9296, 14548, 14525, 14525, 14548, 19369,
9300, 14556, 14537, 14537, 14556, 19373,
9308, 14237, 14260, 14260, 14237, 19288,
9328, 14578, 14579, 14579, 14578, 19382,
9330, 14584, 14494, 14494, 14584, 19362,
9331, 14586, 14584, 14584, 14586, 19362,
9333, 14163, 14589, 14589, 14163, 19264,
9335, 14589, 14594, 14594, 14589, 19264,
9340, 14605, 14606, 14606, 14605, 19385,
9349, 14622, 14623, 14623, 14622, 19392,
9354, 14637, 14638, 14638, 14637, 19397,
9357, 14646, 14647, 14647, 14646, 19400,
9362, 14661, 14662, 14662, 14661, 19405,
9365, 14670, 14671, 14671, 14670, 19408,
9370, 14685, 14686, 14686, 14685, 19413,
9374, 14697, 14698, 14698, 14697, 19417,
9376, 14703, 14704, 14704, 14703, 19419,
9377, 14706, 14707, 14707, 14706, 19420,
9381, 14718, 14703, 14703, 14718, 19419,
9387, 14724, 14390, 14390, 14724, 19332,
9390, 14731, 14732, 14732, 14731, 19425,
9391, 13999, 14734, 14734, 13999, 19218,
9400, 14747, 14748, 14748, 14747, 19330,
9438, 14775, 14776, 14776, 14775, 19443,
9443, 14778, 14779, 14779, 14778, 19444,
9446, 14787, 14788, 14788, 14787, 19447,
9448, 14792, 14778, 14778, 14792, 19444,
9449, 14788, 14794, 14794, 14788, 19447,
9475, 14802, 14803, 14803, 14802, 19302,
9484, 14415, 14007, 14007, 14415, 19223,
9485, 14005, 14817, 14817, 14005, 19222,
9491, 14826, 14827, 14827, 14826, 19454,
9493, 14817, 14831, 14831, 14817, 19222,
9514, 14851, 14852, 14852, 14851, 19356,
9518, 14863, 14864, 14864, 14863, 19464,
9533, 14052, 14877, 14877, 14052, 19232,
9540, 14877, 14884, 14884, 14877, 19232,
9547, 14896, 14747, 14747, 14896, 19330,
9551, 14082, 14906, 14906, 14082, 19243,
9552, 14908, 14909, 14909, 14908, 19472,
9559, 14918, 14919, 14919, 14918, 19474,
9562, 14927, 14928, 14928, 14927, 19477,
9563, 14930, 14931, 14931, 14930, 19247,
9566, 14939, 14940, 14940, 14939, 19480,
9571, 14942, 14943, 14943, 14942, 19481,
9590, 14463, 14474, 14474, 14463, 19352,
9591, 14964, 14449, 14449, 14964, 19349,
9594, 14831, 14968, 14968, 14831, 19222,
9596, 14450, 14964, 14964, 14450, 19349,
9597, 14968, 14004, 14004, 14968, 19222,
9602, 14980, 14826, 14826, 14980, 19454,
9605, 14988, 14989, 14989, 14988, 19490,
9607, 14994, 14980, 14980, 14994, 19454,
9614, 15011, 15012, 15012, 15011, 19495,
9628, 15024, 15025, 15025, 15024, 19501,
9631, 15032, 15033, 15033, 15032, 19503,
9683, 15056, 15057, 15057, 15056, 19513,
9685, 15062, 14942, 14942, 15062, 19481,
9687, 15066, 15067, 15067, 15066, 19515,
9691, 15078, 15079, 15079, 15078, 19519,
9698, 14989, 15094, 15094, 14989, 19490,
9700, 15099, 14443, 14443, 15099, 19347,
9703, 15106, 15107, 15107, 15106, 19523,
9708, 15120, 15106, 15106, 15120, 19523,
9712, 15094, 14988, 14988, 15094, 19490,
9715, 15134, 15078, 15078, 15134, 19519,
9722, 15079, 15134, 15134, 15079, 19519,
9723, 15150, 15066, 15066, 15150, 19515,
9727, 14444, 15158, 15158, 14444, 19347,
9729, 15163, 14409, 14409, 15163, 19339,
9730, 14407, 14434, 14434, 14407, 19338,
9738, 15172, 14994, 14994, 15172, 19454,
9739, 15174, 15175, 15175, 15174, 19495,
9746, 15175, 15011, 15011, 15175, 19495,
9751, 15190, 15099, 15099, 15190, 19347,
9755, 15067, 15150, 15150, 15067, 19515,
9759, 15158, 15190, 15190, 15158, 19347,
9770, 14201, 15212, 15212, 14201, 19277,
9775, 15214, 15215, 15215, 15214, 19530,
9776, 15217, 15218, 15218, 15217, 19531,
9780, 15218, 15226, 15226, 15218, 19531,
9795, 15234, 14361, 14361, 15234, 19323,
9810, 15248, 14343, 14343, 15248, 19318,
9813, 14332, 14374, 14374, 14332, 19315,
9818, 14349, 15262, 15262, 14349, 19321,
9821, 14362, 15234, 15234, 14362, 19323,
9824, 15262, 14348, 14348, 15262, 19321,
9837, 15283, 14406, 14406, 15283, 19338,
9866, 15293, 15294, 15294, 15293, 19425,
9873, 15302, 15303, 15303, 15302, 19539,
9876, 15311, 15312, 15312, 15311, 19542,
9877, 15314, 15315, 15315, 15314, 19543,
9888, 15325, 15326, 15326, 15325, 19547,
9892, 15335, 14309, 14309, 15335, 19239,
9893, 14307, 15337, 15337, 14307, 19305,
9896, 15337, 15344, 15344, 15337, 19305,
9909, 15358, 15311, 15311, 15358, 19542,
9920, 15367, 14075, 14075, 15367, 19235,
9929, 15380, 14026, 14026, 15380, 19214,
9933, 14698, 15387, 15387, 14698, 19417,
9934, 15389, 15390, 15390, 15389, 19557,
9944, 15397, 15398, 15398, 15397, 19561,
9948, 15407, 15408, 15408, 15407, 19562,
9960, 14686, 15418, 15418, 14686, 19413,
9961, 15420, 15421, 15421, 15420, 19565,
9972, 15431, 15432, 15432, 15431, 19569,
9976, 15441, 15442, 15442, 15441, 19472,
9996, 15455, 15456, 15456, 15455, 19243,
10000, 15465, 15466, 15466, 15465, 19575,
10013, 14662, 15479, 15479, 14662, 19405,
10014, 15481, 15482, 15482, 15481, 19578,
10016, 14638, 15486, 15486, 14638, 19397,
10017, 15488, 15489, 15489, 15488, 19579,
10040, 14943, 15504, 15504, 14943, 19481,
10049, 15516, 15517, 15517, 15516, 19587,
10068, 15532, 15533, 15533, 15532, 19591,
10069, 15535, 15302, 15302, 15535, 19539,
10073, 15541, 15532, 15532, 15541, 19591,
10076, 15546, 15314, 15314, 15546, 19543,
10077, 15312, 15358, 15358, 15312, 19542,
10081, 15315, 15546, 15546, 15315, 19543,
10101, 14067, 15335, 15335, 14067, 19239,
10105, 15567, 15568, 15568, 15567, 19593,
10107, 15572, 15567, 15567, 15572, 19593,
10110, 15326, 15576, 15576, 15326, 19547,
10112, 15568, 15580, 15580, 15568, 19593,
10116, 15580, 15587, 15587, 15580, 19593,
10123, 14294, 15594, 15594, 14294, 19302,
10129, 14803, 14293, 14293, 14803, 19302,
10131, 14055, 15367, 15367, 14055, 19235,
10201, 15489, 15646, 15646, 15489, 19579,
10204, 15646, 15488, 15488, 15646, 19579,
10205, 15486, 14637, 14637, 15486, 19397,
10209, 15657, 15658, 15658, 15657, 19603,
10212, 15658, 15663, 15663, 15658, 19603,
10213, 15665, 14622, 14622, 15665, 19392,
10217, 15482, 15670, 15670, 15482, 19578,
10220, 15670, 15481, 15481, 15670, 19578,
10221, 15479, 14661, 14661, 15479, 19405,
10225, 15681, 15682, 15682, 15681, 19604,
10228, 15682, 15687, 15687, 15682, 19604,
10229, 15689, 14646, 14646, 15689, 19400,
10232, 15694, 14706, 14706, 15694, 19420,
10233, 14704, 14718, 14718, 14704, 19419,
10237, 15390, 15700, 15700, 15390, 19557,
10240, 15700, 15389, 15389, 15700, 19557,
10241, 15387, 14697, 14697, 15387, 19417,
10245, 14707, 15694, 15694, 14707, 19420,
10249, 15421, 15714, 15714, 15421, 19565,
10252, 15714, 15420, 15420, 15714, 19565,
10253, 15418, 14685, 14685, 15418, 19413,
10257, 15725, 15726, 15726, 15725, 19605,
10260, 15726, 15731, 15731, 15726, 19605,
10261, 15733, 14670, 14670, 15733, 19408,
10330, 15771, 15772, 15772, 15771, 19242,
10331, 15456, 14081, 14081, 15456, 19243,
10332, 14079, 15771, 15771, 14079, 19242,
10337, 15781, 15465, 15465, 15781, 19575,
10339, 15784, 15781, 15781, 15784, 19575,
10346, 15794, 15455, 15455, 15794, 19243,
10347, 15442, 14908, 14908, 15442, 19472,
10348, 14906, 15794, 15794, 14906, 19243,
10354, 15804, 15431, 15431, 15804, 19569,
10357, 15809, 15407, 15407, 15809, 19562,
10359, 15344, 15812, 15812, 15344, 19305,
10360, 15814, 15809, 15809, 15814, 19562,
10369, 15825, 15441, 15441, 15825, 19472,
10371, 15408, 15828, 15828, 15408, 19562,
10372, 15830, 15825, 15825, 15830, 19472,
10378, 15838, 15397, 15397, 15838, 19561,
10382, 15844, 15325, 15325, 15844, 19547,
10383, 15846, 15844, 15844, 15846, 19547,
10385, 15850, 15851, 15851, 15850, 19561,
10388, 15851, 15858, 15858, 15851, 19561,
10389, 15860, 15861, 15861, 15860, 19569,
10392, 15861, 15868, 15868, 15861, 19569,
10393, 15870, 15871, 15871, 15870, 19575,
10397, 15772, 14299, 14299, 15772, 19242,
10402, 15888, 14315, 14315, 15888, 19307,
10403, 15587, 15572, 15572, 15587, 19593,
10404, 15576, 15846, 15846, 15576, 19547,
10409, 15303, 15535, 15535, 15303, 19539,
10410, 15533, 15541, 15541, 15533, 19591,
10411, 14076, 14054, 14054, 14076, 19235,
10414, 14310, 14066, 14066, 14310, 19239,
10431, 14288, 14274, 14274, 14288, 19298,
10447, 15868, 15804, 15804, 15868, 19569,
10450, 15466, 15870, 15870, 15466, 19575,
10453, 14647, 15689, 15689, 14647, 19400,
10454, 15687, 15681, 15681, 15687, 19604,
10455, 14301, 14087, 14087, 14301, 19245,
10462, 15871, 15784, 15784, 15871, 19575,
10463, 15812, 14306, 14306, 15812, 19305,
10464, 14316, 15888, 15888, 14316, 19307,
10466, 15938, 15814, 15814, 15938, 19562,
10467, 15858, 15838, 15838, 15858, 19561,
10470, 15432, 15860, 15860, 15432, 19569,
10473, 14671, 15733, 15733, 14671, 19408,
10474, 15731, 15725, 15725, 15731, 19605,
10477, 14623, 15665, 15665, 14623, 19392,
10478, 15663, 15657, 15657, 15663, 19603,
10482, 15398, 15850, 15850, 15398, 19561,
10483, 15956, 15957, 15957, 15956, 19618,
10489, 15969, 15970, 15970, 15969, 19620,
10490, 15972, 14775, 14775, 15972, 19443,
10492, 15977, 15978, 15978, 15977, 19622,
10493, 15980, 15981, 15981, 15980, 19261,
10501, 15993, 15994, 15994, 15993, 19624,
10502, 15996, 15977, 15977, 15996, 19622,
10503, 15998, 14135, 14135, 15998, 19257,
10506, 14151, 16002, 16002, 14151, 19261,
10510, 15981, 14150, 14150, 15981, 19261,
10522, 16017, 16018, 16018, 16017, 19624,
10524, 16022, 16023, 16023, 16022, 19622,
10526, 16028, 14128, 14128, 16028, 19253,
10531, 16002, 15980, 15980, 16002, 19261,
10532, 15978, 16022, 16022, 15978, 19622,
10534, 14136, 15998, 15998, 14136, 19257,
10537, 14776, 15972, 15972, 14776, 19443,
10538, 15970, 16040, 16040, 15970, 19620,
10541, 16048, 16028, 16028, 16048, 19253,
10547, 16054, 16055, 16055, 16054, 19447,
10551, 16064, 15993, 15993, 16064, 19624,
10557, 16076, 16077, 16077, 16076, 19501,
10560, 16077, 15024, 15024, 16077, 19501,
10567, 16040, 15969, 15969, 16040, 19620,
10579, 16098, 16099, 16099, 16098, 19635,
10584, 15025, 16108, 16108, 15025, 19501,
10585, 16110, 16098, 16098, 16110, 19635,
10601, 16122, 16123, 16123, 16122, 19638,
10604, 16123, 16130, 16130, 16123, 19638,
10605, 16132, 16133, 16133, 16132, 19464,
10609, 14779, 14792, 14792, 14779, 19444,
10617, 16055, 14787, 14787, 16055, 19447,
10622, 14228, 16156, 16156, 14228, 19272,
10624, 16156, 14185, 14185, 16156, 19272,
10626, 14508, 14586, 14586, 14508, 19362,
10639, 16164, 16165, 16165, 16164, 19531,
10644, 14606, 16178, 16178, 14606, 19385,
10645, 16180, 14162, 14162, 16180, 19264,
10652, 16189, 14578, 14578, 16189, 19382,
10656, 14579, 16189, 16189, 14579, 19382,
10662, 16208, 14939, 14939, 16208, 19480,
10674, 16218, 14927, 14927, 16218, 19477,
10679, 14594, 16180, 16180, 14594, 19264,
10680, 16178, 14605, 14605, 16178, 19385,
10686, 15226, 16164, 16164, 15226, 19531,
10707, 14426, 16236, 16236, 14426, 19342,
10724, 16018, 16064, 16064, 16018, 19624,
10727, 15012, 16252, 16252, 15012, 19495,
10740, 15594, 14802, 14802, 15594, 19302,
10756, 16264, 16265, 16265, 16264, 19370,
10759, 14940, 16208, 16208, 14940, 19480,
10762, 14094, 14930, 14930, 14094, 19247,
10765, 16265, 16283, 16283, 16265, 19370,
10769, 14517, 16291, 16291, 14517, 19366,
10772, 16291, 16298, 16298, 16291, 19366,
10774, 14919, 16302, 16302, 14919, 19474,
10775, 16304, 14918, 14918, 16304, 19474,
10776, 14928, 16218, 16218, 14928, 19477,
10794, 14529, 16264, 16264, 14529, 19370,
10795, 16283, 14528, 14528, 16283, 19370,
10796, 14538, 14556, 14556, 14538, 19373,
10799, 14526, 14548, 14548, 14526, 19369,
10802, 16330, 14516, 14516, 16330, 19366,
10803, 16298, 16330, 16330, 16298, 19366,
10811, 16165, 15217, 15217, 16165, 19531,
10812, 15215, 16341, 16341, 15215, 19530,
10837, 16341, 15214, 15214, 16341, 19530,
10839, 15212, 14200, 14200, 15212, 19277,
10848, 14344, 15248, 15248, 14344, 19318,
10868, 14258, 14236, 14236, 14258, 19288,
10877, 14186, 14227, 14227, 14186, 19272,
10893, 16302, 16377, 16377, 16302, 19474,
10896, 16377, 16304, 16304, 16377, 19474,
10905, 14931, 14108, 14108, 14931, 19247,
10924, 14794, 16054, 16054, 14794, 19447,
10934, 16236, 16412, 16412, 16236, 19342,
10938, 16418, 15032, 15032, 16418, 19503,
10947, 14410, 15163, 15163, 14410, 19339,
10955, 14827, 15172, 15172, 14827, 19454,
10967, 15107, 15120, 15120, 15107, 19523,
10977, 16099, 16110, 16110, 16099, 19635,
10978, 16108, 16076, 16076, 16108, 19501,
10987, 15294, 14731, 14731, 15294, 19425,
10998, 14884, 14034, 14034, 14884, 19232,
11014, 15504, 16464, 16464, 15504, 19481,
11024, 14391, 14724, 14724, 14391, 19332,
11025, 14732, 16470, 16470, 14732, 19425,
11030, 14010, 13964, 13964, 14010, 19212,
11035, 16480, 14863, 14863, 16480, 19464,
11044, 16252, 15174, 15174, 16252, 19495,
11052, 14852, 16491, 16491, 14852, 19356,
11067, 16502, 14425, 14425, 16502, 19342,
11078, 14482, 14851, 14851, 14482, 19356,
11100, 16519, 15056, 15056, 16519, 19513,
11106, 16528, 15516, 15516, 16528, 19587,
11110, 13978, 15380, 15380, 13978, 19214,
11112, 14734, 13986, 13986, 14734, 19218,
11115, 16491, 14481, 14481, 16491, 19356,
11125, 14909, 15830, 15830, 14909, 19472,
11126, 15828, 15938, 15938, 15828, 19562,
11130, 16464, 15062, 15062, 16464, 19481,
11137, 16555, 16556, 16556, 16555, 19513,
11140, 16133, 16480, 16480, 16133, 19464,
11142, 14435, 15283, 15283, 14435, 19338,
11143, 16130, 16122, 16122, 16130, 19638,
11146, 14864, 16132, 16132, 14864, 19464,
11159, 16570, 16571, 16571, 16570, 19618,
11163, 16580, 15956, 15956, 16580, 19618,
11182, 14180, 14208, 14208, 14180, 19270,
11186, 14116, 16048, 16048, 14116, 19253,
11191, 16571, 16580, 16580, 16571, 19618,
11198, 14748, 14384, 14384, 14748, 19330,
11199, 14385, 14896, 14896, 14385, 19330,
11204, 16412, 16502, 16502, 16412, 19342,
11212, 16556, 16519, 16519, 16556, 19513,
11215, 15057, 16555, 16555, 15057, 19513,
11229, 15517, 16528, 16528, 15517, 19587,
11240, 15957, 16570, 16570, 15957, 19618,
11245, 16023, 15996, 15996, 16023, 19622,
11246, 15994, 16017, 16017, 15994, 19624,
11257, 16470, 15293, 15293, 16470, 19425,
11259, 15033, 16418, 16418, 15033, 19503,
