41016, 53429, 53430, 53430, 53429, 65838,
41032, 53441, 53442, 53442, 53441, 65839,
41048, 53453, 53454, 53454, 53453, 65840,
41064, 53465, 53466, 53466, 53465, 65841,
41080, 53477, 53478, 53478, 53477, 65842,
41096, 53489, 53490, 53490, 53489, 65843,
41112, 53501, 53502, 53502, 53501, 65844,
41128, 53513, 53514, 53514, 53513, 65844,
41144, 53525, 53526, 53526, 53525, 65845,
41160, 53537, 53538, 53538, 53537, 65846,
41176, 53549, 53550, 53550, 53549, 65846,
41192, 53561, 53562, 53562, 53561, 65842,
41208, 53573, 53574, 53574, 53573, 65847,
41224, 53585, 53586, 53586, 53585, 65848,
41240, 53597, 53561, 53561, 53597, 65842,
41256, 53562, 53477, 53477, 53562, 65842,
41272, 53615, 53616, 53616, 53615, 65849,
41288, 53627, 53628, 53628, 53627, 65850,
41304, 53639, 53640, 53640, 53639, 65851,
41320, 53651, 53652, 53652, 53651, 65849,
41336, 53514, 53501, 53501, 53514, 65844,
41352, 53671, 53672, 53672, 53671, 65852,
41368, 53683, 53684, 53684, 53683, 65853,
41384, 53695, 53696, 53696, 53695, 65854,
41400, 53707, 53708, 53708, 53707, 65855,
41416, 53719, 53720, 53720, 53719, 65856,
41432, 53731, 53732, 53732, 53731, 65857,
41448, 53743, 53489, 53489, 53743, 65843,
41464, 53753, 53513, 53513, 53753, 65844,
41480, 53763, 53764, 53764, 53763, 65855,
41496, 53775, 53525, 53525, 53775, 65845,
41512, 53708, 53784, 53784, 53708, 65855,
41528, 53795, 53796, 53796, 53795, 65858,
41544, 53807, 53651, 53651, 53807, 65849,
41560, 53817, 53818, 53818, 53817, 65859,
41576, 53442, 53828, 53828, 53442, 65839,
41592, 53839, 53840, 53840, 53839, 65860,
41608, 53672, 53850, 53850, 53672, 65852,
41624, 53861, 53862, 53862, 53861, 65861,
41640, 53873, 53874, 53874, 53873, 65839,
41656, 53885, 53886, 53886, 53885, 65862,
41672, 53897, 53898, 53898, 53897, 65863,
41688, 53909, 53910, 53910, 53909, 65864,
41704, 53921, 53922, 53922, 53921, 65865,
41720, 53933, 53934, 53934, 53933, 65866,
41736, 53945, 53429, 53429, 53945, 65838,
41752, 53526, 53954, 53954, 53526, 65845,
41768, 53965, 53966, 53966, 53965, 65867,
41784, 53977, 53978, 53978, 53977, 65868,
41800, 53989, 53990, 53990, 53989, 65869,
41816, 53990, 54000, 54000, 53990, 65869,
41832, 54011, 54012, 54012, 54011, 65870,
41848, 54023, 54024, 54024, 54023, 65871,
41864, 54035, 54036, 54036, 54035, 65872,
41880, 54047, 54048, 54048, 54047, 65873,
41896, 54059, 54060, 54060, 54059, 65874,
41912, 54060, 54070, 54070, 54060, 65874,
41928, 54081, 54082, 54082, 54081, 65875,
41944, 54093, 54094, 54094, 54093, 65876,
41960, 54105, 54093, 54093, 54105, 65876,
41976, 54115, 54116, 54116, 54115, 65877,
41992, 54127, 54128, 54128, 54127, 65878,
42008, 54139, 54140, 54140, 54139, 65879,
42024, 54151, 54152, 54152, 54151, 65879,
42040, 54163, 54164, 54164, 54163, 65880,
42056, 54175, 53989, 53989, 54175, 65869,
42072, 54000, 54184, 54184, 54000, 65869,
42088, 54094, 54194, 54194, 54094, 65876,
42104, 54194, 54204, 54204, 54194, 65876,
42120, 54140, 54214, 54214, 54140, 65879,
42136, 54225, 54226, 54226, 54225, 65868,
42152, 54237, 54238, 54238, 54237, 65881,
42168, 54214, 54151, 54151, 54214, 65879,
42184, 54257, 54258, 54258, 54257, 65882,
42200, 53796, 54268, 54268, 53796, 65858,
42216, 54279, 54280, 54280, 54279, 65840,
42232, 53954, 54290, 54290, 53954, 65845,
42248, 54301, 54302, 54302, 54301, 65875,
42264, 54313, 54314, 54314, 54313, 65883,
42280, 54325, 54326, 54326, 54325, 65884,
42296, 54337, 54163, 54163, 54337, 65880,
42312, 54347, 54237, 54237, 54347, 65881,
42328, 54357, 54358, 54358, 54357, 65885,
42344, 54369, 54357, 54357, 54369, 65885,
42360, 54379, 54325, 54325, 54379, 65884,
42376, 54314, 54388, 54388, 54314, 65883,
42392, 54082, 54301, 54301, 54082, 65875,
42408, 54407, 54408, 54408, 54407, 65886,
42424, 54419, 54420, 54420, 54419, 65870,
42440, 54420, 54430, 54430, 54420, 65870,
42456, 54441, 54442, 54442, 54441, 65867,
42472, 54453, 54454, 54454, 54453, 65887,
42488, 53652, 53615, 53615, 53652, 65849,
42504, 53628, 54472, 54472, 53628, 65850,
42520, 54472, 53627, 53627, 54472, 65850,
42536, 54491, 53897, 53897, 54491, 65863,
42552, 53886, 54500, 54500, 53886, 65862,
42568, 53898, 54491, 54491, 53898, 65863,
42584, 54519, 54520, 54520, 54519, 65888,
42600, 54531, 54532, 54532, 54531, 65862,
42616, 54532, 53885, 53885, 54532, 65862,
42632, 54551, 54279, 54279, 54551, 65840,
42648, 54442, 53965, 53965, 54442, 65867,
42664, 54569, 53573, 53573, 54569, 65847,
42680, 54520, 54578, 54578, 54520, 65888,
42696, 54589, 54590, 54590, 54589, 65889,
42712, 54601, 54602, 54602, 54601, 65890,
42728, 54613, 54614, 54614, 54613, 65841,
42744, 54625, 54626, 54626, 54625, 65891,
42760, 54637, 54569, 54569, 54637, 65847,
42776, 53466, 54613, 54613, 53466, 65841,
42792, 54280, 53453, 53453, 54280, 65840,
42808, 54663, 54664, 54664, 54663, 65891,
42824, 54626, 54674, 54674, 54626, 65891,
42840, 54685, 54601, 54601, 54685, 65890,
42856, 54695, 53465, 53465, 54695, 65841,
42872, 53454, 54551, 54551, 53454, 65840,
42888, 54664, 54625, 54625, 54664, 65891,
42904, 54614, 54695, 54695, 54614, 65841,
42920, 54729, 54589, 54589, 54729, 65889,
42936, 54578, 54519, 54519, 54578, 65888,
42952, 53478, 53597, 53597, 53478, 65842,
42968, 54755, 54756, 54756, 54755, 65892,
42984, 54767, 54768, 54768, 54767, 65893,
43000, 54779, 54780, 54780, 54779, 65894,
43016, 54791, 54792, 54792, 54791, 65895,
43032, 54803, 54804, 54804, 54803, 65896,
43048, 54815, 54816, 54816, 54815, 65897,
43064, 54827, 54828, 54828, 54827, 65892,
43080, 54839, 53683, 53683, 54839, 65853,
43096, 54849, 54850, 54850, 54849, 65898,
43112, 54861, 54862, 54862, 54861, 65899,
43128, 54873, 54874, 54874, 54873, 65900,
43144, 54885, 54886, 54886, 54885, 65901,
43160, 54897, 54898, 54898, 54897, 65902,
43176, 54909, 54910, 54910, 54909, 65903,
43192, 54921, 54922, 54922, 54921, 65900,
43208, 54933, 54934, 54934, 54933, 65897,
43224, 54945, 54946, 54946, 54945, 65904,
43240, 54957, 54958, 54958, 54957, 65905,
43256, 54969, 54970, 54970, 54969, 65906,
43272, 54981, 54982, 54982, 54981, 65907,
43288, 54993, 54994, 54994, 54993, 65908,
43304, 55005, 55006, 55006, 55005, 65909,
43320, 55017, 55018, 55018, 55017, 65910,
43336, 55029, 54849, 54849, 55029, 65898,
43352, 55039, 55040, 55040, 55039, 65911,
43368, 54874, 54921, 54921, 54874, 65900,
43384, 54934, 55058, 55058, 54934, 65897,
43400, 55058, 54815, 54815, 55058, 65897,
43416, 54828, 55076, 55076, 54828, 65892,
43432, 55076, 54755, 54755, 55076, 65892,
43448, 55095, 55005, 55005, 55095, 65909,
43464, 55105, 55095, 55095, 55105, 65909,
43480, 55115, 54827, 54827, 55115, 65892,
43496, 55125, 53695, 53695, 55125, 65854,
43512, 53684, 55134, 55134, 53684, 65853,
43528, 55145, 55125, 55125, 55145, 65854,
43544, 55155, 54839, 54839, 55155, 65853,
43560, 54862, 55164, 55164, 54862, 65899,
43576, 55175, 55155, 55155, 55175, 65853,
43592, 55185, 54933, 54933, 55185, 65897,
43608, 55195, 55196, 55196, 55195, 65912,
43624, 55207, 55208, 55208, 55207, 65854,
43640, 55219, 55195, 55195, 55219, 65912,
43656, 55229, 54873, 54873, 55229, 65900,
43672, 55239, 55229, 55229, 55239, 65900,
43688, 55249, 55250, 55250, 55249, 65911,
43704, 55261, 55262, 55262, 55261, 65912,
43720, 55040, 55249, 55249, 55040, 65911,
43736, 55281, 54803, 54803, 55281, 65896,
43752, 54792, 55290, 55290, 54792, 65895,
43768, 55290, 54791, 54791, 55290, 65895,
43784, 55309, 55310, 55310, 55309, 65913,
43800, 55321, 55322, 55322, 55321, 65914,
43816, 55322, 55332, 55332, 55322, 65914,
43832, 55343, 55344, 55344, 55343, 65915,
43848, 55355, 55356, 55356, 55355, 65916,
43864, 55367, 55368, 55368, 55367, 65917,
43880, 55368, 55378, 55378, 55368, 65917,
43896, 55389, 55390, 55390, 55389, 65918,
43912, 55401, 55343, 55343, 55401, 65915,
43928, 55411, 54909, 54909, 55411, 65903,
43944, 54898, 55420, 55420, 54898, 65902,
43960, 55420, 54897, 54897, 55420, 65902,
43976, 55439, 55440, 55440, 55439, 65919,
43992, 55451, 55452, 55452, 55451, 65920,
44008, 55452, 55462, 55462, 55452, 65920,
44024, 55473, 54779, 54779, 55473, 65894,
44040, 54768, 55482, 55482, 54768, 65893,
44056, 55482, 54767, 54767, 55482, 65893,
44072, 55501, 55502, 55502, 55501, 65921,
44088, 55513, 55514, 55514, 55513, 65922,
44104, 55514, 55524, 55524, 55514, 65922,
44120, 55535, 55536, 55536, 55535, 65906,
44136, 55547, 55548, 55548, 55547, 65882,
44152, 54258, 55558, 55558, 54258, 65882,
44168, 55018, 55568, 55568, 55018, 65910,
44184, 55568, 55578, 55578, 55568, 65910,
44200, 55006, 55588, 55588, 55006, 65909,
44216, 55599, 55017, 55017, 55599, 65910,
44232, 55578, 55599, 55599, 55578, 65910,
44248, 55617, 55618, 55618, 55617, 65905,
44264, 55629, 55630, 55630, 55629, 65923,
44280, 55641, 55642, 55642, 55641, 65924,
44296, 55653, 55629, 55629, 55653, 65923,
44312, 55663, 54981, 54981, 55663, 65907,
44328, 55673, 54993, 54993, 55673, 65908,
44344, 54982, 55663, 55663, 54982, 65907,
44360, 53490, 53743, 53743, 53490, 65843,
44376, 53850, 55698, 55698, 53850, 65852,
44392, 55524, 55513, 55513, 55524, 65922,
44408, 55502, 55716, 55716, 55502, 65921,
44424, 55462, 55451, 55451, 55462, 65920,
44440, 55440, 55734, 55734, 55440, 65919,
44456, 54922, 55239, 55239, 54922, 65900,
44472, 55262, 55219, 55219, 55262, 65912,
44488, 55208, 55145, 55145, 55208, 65854,
44504, 54816, 55185, 55185, 54816, 65897,
44520, 55332, 55321, 55321, 55332, 65914,
44536, 55310, 55784, 55784, 55310, 65913,
44552, 55134, 55175, 55175, 55134, 65853,
44568, 54756, 55115, 55115, 54756, 65892,
44584, 55378, 55367, 55367, 55378, 65917,
44600, 55356, 55818, 55818, 55356, 65916,
44616, 55829, 53731, 53731, 55829, 65857,
44632, 55839, 55535, 55535, 55839, 65906,
44648, 55849, 55641, 55641, 55849, 65924,
44664, 55164, 55858, 55858, 55164, 65899,
44680, 55858, 55868, 55868, 55858, 65899,
44696, 55879, 55617, 55617, 55879, 65905,
44712, 55588, 55105, 55105, 55588, 65909,
44728, 55630, 55653, 55653, 55630, 65923,
44744, 55642, 55849, 55849, 55642, 65924,
44760, 54994, 55673, 55673, 54994, 65908,
44776, 53874, 53441, 53441, 53874, 65839,
44792, 55929, 53639, 53639, 55929, 65851,
44808, 55939, 55940, 55940, 55939, 65925,
44824, 55951, 55952, 55952, 55951, 65926,
44840, 55940, 55962, 55962, 55940, 65925,
44856, 55973, 55974, 55974, 55973, 65927,
44872, 55985, 54035, 54035, 55985, 65872,
44888, 55995, 55951, 55951, 55995, 65926,
44904, 54302, 56004, 56004, 54302, 65875,
44920, 56004, 54081, 54081, 56004, 65875,
44936, 54070, 54059, 54059, 54070, 65874,
44952, 54048, 56030, 56030, 54048, 65873,
44968, 56041, 56042, 56042, 56041, 65928,
44984, 56053, 56054, 56054, 56053, 65929,
45000, 56065, 56041, 56041, 56065, 65928,
45016, 56075, 56076, 56076, 56075, 65858,
45032, 56076, 53795, 53795, 56076, 65858,
45048, 56095, 53921, 53921, 56095, 65865,
45064, 56105, 56106, 56106, 56105, 65851,
45080, 56117, 53933, 53933, 56117, 65866,
45096, 56042, 56126, 56126, 56042, 65928,
45112, 56137, 56053, 56053, 56137, 65929,
45128, 56147, 56148, 56148, 56147, 65930,
45144, 56159, 56147, 56147, 56159, 65930,
45160, 56169, 56170, 56170, 56169, 65931,
45176, 56181, 53909, 53909, 56181, 65864,
45192, 53910, 56181, 56181, 53910, 65864,
45208, 56199, 56065, 56065, 56199, 65928,
45224, 56170, 56208, 56208, 56170, 65931,
45240, 56148, 56159, 56159, 56148, 65930,
45256, 56054, 56137, 56137, 56054, 65929,
45272, 56235, 53671, 53671, 56235, 65852,
45288, 53502, 53753, 53753, 53502, 65844,
45304, 53430, 53945, 53945, 53430, 65838,
45320, 54500, 54531, 54531, 54500, 65862,
45336, 54268, 56075, 56075, 54268, 65858,
45352, 56277, 56095, 56095, 56277, 65865,
45368, 56208, 56169, 56169, 56208, 65931,
45384, 56295, 56277, 56277, 56295, 65865,
45400, 56305, 56306, 56306, 56305, 65932,
45416, 56317, 56318, 56318, 56317, 65933,
45432, 56306, 56328, 56328, 56306, 65932,
45448, 56339, 56317, 56317, 56339, 65933,
45464, 56349, 56350, 56350, 56349, 65934,
45480, 55698, 56235, 56235, 55698, 65852,
45496, 54238, 54347, 54347, 54238, 65881,
45512, 53978, 54225, 54225, 53978, 65868,
45528, 54164, 54337, 54337, 54164, 65880,
45544, 54184, 54175, 54175, 54184, 65869,
45560, 53696, 55207, 55207, 53696, 65854,
45576, 55196, 56408, 56408, 55196, 65912,
45592, 56419, 53537, 53537, 56419, 65846,
45608, 53862, 56428, 56428, 53862, 65861,
45624, 56428, 56438, 56438, 56428, 65861,
45640, 53616, 53807, 53807, 53616, 65849,
45656, 53784, 53763, 53763, 53784, 65855,
45672, 56328, 56464, 56464, 56328, 65932,
45688, 53922, 56295, 56295, 53922, 65865,
45704, 56464, 56482, 56482, 56464, 65932,
45720, 56493, 56494, 56494, 56493, 65935,
45736, 55548, 54257, 54257, 55548, 65882,
45752, 53966, 56512, 56512, 53966, 65867,
45768, 56523, 54453, 54453, 56523, 65887,
45784, 56512, 54441, 54441, 56512, 65867,
45800, 54454, 56523, 56523, 54454, 65887,
45816, 54590, 54729, 54729, 54590, 65889,
45832, 53550, 56419, 56419, 53550, 65846,
45848, 53720, 56564, 56564, 53720, 65856,
45864, 53828, 53873, 53873, 53828, 65839,
45880, 56583, 53839, 53839, 56583, 65860,
45896, 56593, 55389, 55389, 56593, 65918,
45912, 55344, 55401, 55401, 55344, 65915,
45928, 55390, 56593, 56593, 55390, 65918,
45944, 55818, 55355, 55355, 55818, 65916,
45960, 55784, 55309, 55309, 55784, 65913,
45976, 54804, 55281, 55281, 54804, 65896,
45992, 55734, 55439, 55439, 55734, 65919,
46008, 54910, 55411, 55411, 54910, 65903,
46024, 55716, 55501, 55501, 55716, 65921,
46040, 54780, 55473, 55473, 54780, 65894,
46056, 54388, 54313, 54313, 54388, 65883,
46072, 54326, 56682, 56682, 54326, 65884,
46088, 56682, 56692, 56692, 56682, 65884,
46104, 56703, 54407, 54407, 56703, 65886,
46120, 56713, 56703, 56703, 56713, 65886,
46136, 54358, 54369, 54369, 54358, 65885,
46152, 56731, 56732, 56732, 56731, 65871,
46168, 56743, 54127, 54127, 56743, 65878,
46184, 56753, 54115, 54115, 56753, 65877,
46200, 54128, 56743, 56743, 54128, 65878,
46216, 54152, 54139, 54139, 54152, 65879,
46232, 54116, 56753, 56753, 54116, 65877,
46248, 54204, 54105, 54105, 54204, 65876,
46264, 54408, 56794, 56794, 54408, 65886,
46280, 56794, 56713, 56713, 56794, 65886,
46296, 53764, 53707, 53707, 53764, 65855,
46312, 56821, 56349, 56349, 56821, 65934,
46328, 56350, 56821, 56821, 56350, 65934,
46344, 56318, 56339, 56339, 56318, 65933,
46360, 56126, 56199, 56199, 56126, 65928,
46376, 53640, 56105, 56105, 53640, 65851,
46392, 54290, 53775, 53775, 54290, 65845,
46408, 56494, 56870, 56870, 56494, 65935,
46424, 56881, 56882, 56882, 56881, 65856,
46440, 53934, 56117, 56117, 53934, 65866,
46456, 56106, 55929, 55929, 56106, 65851,
46472, 53840, 56583, 56583, 53840, 65860,
46488, 53538, 53549, 53549, 53538, 65846,
46504, 56925, 55973, 55973, 56925, 65927,
46520, 55952, 55995, 55995, 55952, 65926,
46536, 55962, 55939, 55939, 55962, 65925,
46552, 54036, 55985, 55985, 54036, 65872,
46568, 55974, 56925, 56925, 55974, 65927,
46584, 54850, 55029, 55029, 54850, 65898,
46600, 54958, 55879, 55879, 54958, 65905,
46616, 55868, 54861, 54861, 55868, 65899,
46632, 54886, 56990, 56990, 54886, 65901,
46648, 57001, 55039, 55039, 57001, 65911,
46664, 55558, 55547, 55547, 55558, 65882,
46680, 54946, 57018, 57018, 54946, 65904,
46696, 57018, 54945, 54945, 57018, 65904,
46712, 57037, 56731, 56731, 57037, 65871,
46728, 54024, 57037, 57037, 54024, 65871,
46744, 56732, 54023, 54023, 56732, 65871,
46760, 54430, 54011, 54011, 54430, 65870,
46776, 57071, 53585, 53585, 57071, 65848,
46792, 56030, 54047, 54047, 56030, 65873,
46808, 54012, 54419, 54419, 54012, 65870,
46824, 53586, 57071, 57071, 53586, 65848,
46840, 56692, 54379, 54379, 56692, 65884,
46856, 54674, 54663, 54663, 54674, 65891,
46872, 54602, 54685, 54685, 54602, 65890,
46888, 57129, 54637, 54637, 57129, 65847,
46904, 53574, 57129, 57129, 53574, 65847,
46920, 57147, 53977, 53977, 57147, 65868,
46936, 54226, 57147, 57147, 54226, 65868,
46952, 56990, 54885, 54885, 56990, 65901,
46968, 56408, 55261, 55261, 56408, 65912,
46984, 55250, 57001, 57001, 55250, 65911,
47000, 54970, 55839, 55839, 54970, 65906,
47016, 55618, 54957, 54957, 55618, 65905,
47032, 55536, 54969, 54969, 55536, 65906,
47048, 56438, 57212, 57212, 56438, 65861,
47064, 57212, 53861, 53861, 57212, 65861,
47080, 57231, 55829, 55829, 57231, 65857,
47096, 53818, 57240, 57240, 53818, 65859,
47112, 56870, 56493, 56493, 56870, 65935,
47128, 56482, 56305, 56305, 56482, 65932,
47144, 56564, 56881, 56881, 56564, 65856,
47160, 56882, 53719, 53719, 56882, 65856,
47176, 53732, 57282, 57282, 53732, 65857,
47192, 57282, 57231, 57231, 57282, 65857,
47208, 57240, 53817, 53817, 57240, 65859,
47224, 57309, 57310, 57310, 57309, 65936,
47240, 57321, 57322, 57322, 57321, 65937,
47256, 57322, 57332, 57332, 57322, 65937,
47272, 57343, 57344, 57344, 57343, 65938,
47288, 57355, 57356, 57356, 57355, 65938,
47304, 57367, 57368, 57368, 57367, 65939,
47320, 57379, 57380, 57380, 57379, 65940,
47336, 57310, 57390, 57390, 57310, 65936,
47352, 57401, 57321, 57321, 57401, 65937,
47368, 57411, 57412, 57412, 57411, 65941,
47384, 57412, 57422, 57422, 57412, 65941,
47400, 57433, 57434, 57434, 57433, 65942,
47416, 57445, 57446, 57446, 57445, 65943,
47432, 57457, 57458, 57458, 57457, 65942,
47448, 57469, 57470, 57470, 57469, 65944,
47464, 57481, 57482, 57482, 57481, 65945,
47480, 57493, 57494, 57494, 57493, 65946,
47496, 57505, 57506, 57506, 57505, 65947,
47512, 57517, 57505, 57505, 57517, 65947,
47528, 57527, 57528, 57528, 57527, 65948,
47544, 57539, 57527, 57527, 57539, 65948,
47560, 57549, 57550, 57550, 57549, 65949,
47576, 57561, 57562, 57562, 57561, 65950,
47592, 57573, 57574, 57574, 57573, 65951,
47608, 57585, 57586, 57586, 57585, 65952,
47624, 57597, 57598, 57598, 57597, 65953,
47640, 57609, 57610, 57610, 57609, 65954,
47656, 57621, 57585, 57585, 57621, 65952,
47672, 57631, 57632, 57632, 57631, 65953,
47688, 57643, 57644, 57644, 57643, 65955,
47704, 57655, 57656, 57656, 57655, 65955,
47720, 57667, 57655, 57655, 57667, 65955,
47736, 57677, 57678, 57678, 57677, 65956,
47752, 57678, 57688, 57688, 57678, 65956,
47768, 57699, 57700, 57700, 57699, 65957,
47784, 57711, 57469, 57469, 57711, 65944,
47800, 57494, 57720, 57720, 57494, 65946,
47816, 57731, 57732, 57732, 57731, 65958,
47832, 57743, 57744, 57744, 57743, 65943,
47848, 57755, 57756, 57756, 57755, 65959,
47864, 57767, 57768, 57768, 57767, 65960,
47880, 57779, 57780, 57780, 57779, 65961,
47896, 57791, 57792, 57792, 57791, 65962,
47912, 57803, 57804, 57804, 57803, 65963,
47928, 57815, 57767, 57767, 57815, 65960,
47944, 57825, 57826, 57826, 57825, 65964,
47960, 57837, 57838, 57838, 57837, 65965,
47976, 57849, 57850, 57850, 57849, 65966,
47992, 57861, 57862, 57862, 57861, 65967,
48008, 57344, 57355, 57355, 57344, 65938,
48024, 57380, 57880, 57880, 57380, 65940,
48040, 57891, 57892, 57892, 57891, 65968,
48056, 57903, 57904, 57904, 57903, 65966,
48072, 57915, 57916, 57916, 57915, 65969,
48088, 57927, 57928, 57928, 57927, 65970,
48104, 57939, 57940, 57940, 57939, 65971,
48120, 57951, 57939, 57939, 57951, 65971,
48136, 57961, 57962, 57962, 57961, 65972,
48152, 57973, 57974, 57974, 57973, 65973,
48168, 57974, 57984, 57984, 57974, 65973,
48184, 57995, 57996, 57996, 57995, 65974,
48200, 58007, 58008, 58008, 58007, 65975,
48216, 58019, 58020, 58020, 58019, 65976,
48232, 58031, 58032, 58032, 58031, 65977,
48248, 58043, 58007, 58007, 58043, 65975,
48264, 58053, 58031, 58031, 58053, 65977,
48280, 57644, 57667, 57667, 57644, 65955,
48296, 58071, 58072, 58072, 58071, 65978,
48312, 58083, 57973, 57973, 58083, 65973,
48328, 58093, 58083, 58083, 58093, 65973,
48344, 57574, 58102, 58102, 57574, 65951,
48360, 58102, 58112, 58112, 58102, 65951,
48376, 58123, 58124, 58124, 58123, 65979,
48392, 58135, 58136, 58136, 58135, 65980,
48408, 58147, 58148, 58148, 58147, 65981,
48424, 58159, 58160, 58160, 58159, 65982,
48440, 58171, 58172, 58172, 58171, 65983,
48456, 58183, 58184, 58184, 58183, 65984,
48472, 58195, 58196, 58196, 58195, 65985,
48488, 58207, 58208, 58208, 58207, 65986,
48504, 58219, 58220, 58220, 58219, 65987,
48520, 58231, 58232, 58232, 58231, 65988,
48536, 58243, 58219, 58219, 58243, 65987,
48552, 58253, 57837, 57837, 58253, 65965,
48568, 58263, 58264, 58264, 58263, 65989,
48584, 57356, 58274, 58274, 57356, 65938,
48600, 58285, 58286, 58286, 58285, 65964,
48616, 58297, 58298, 58298, 58297, 65990,
48632, 58309, 58310, 58310, 58309, 65991,
48648, 58321, 58322, 58322, 58321, 65992,
48664, 58333, 58309, 58309, 58333, 65991,
48680, 58322, 58342, 58342, 58322, 65992,
48696, 58353, 58354, 58354, 58353, 65957,
48712, 57880, 57379, 57379, 57880, 65940,
48728, 57368, 58372, 58372, 57368, 65939,
48744, 58383, 58384, 58384, 58383, 65993,
48760, 58372, 58394, 58394, 58372, 65939,
48776, 58405, 58406, 58406, 58405, 65972,
48792, 58417, 58418, 58418, 58417, 65994,
48808, 57422, 58428, 58428, 57422, 65941,
48824, 58428, 58438, 58438, 58428, 65941,
48840, 58449, 58285, 58285, 58449, 65964,
48856, 57482, 58458, 58458, 57482, 65945,
48872, 58469, 58470, 58470, 58469, 65995,
48888, 58481, 58482, 58482, 58481, 65996,
48904, 58493, 58494, 58494, 58493, 65997,
48920, 58505, 58506, 58506, 58505, 65947,
48936, 58517, 58518, 58518, 58517, 65998,
48952, 58529, 58530, 58530, 58529, 65999,
48968, 57940, 57951, 57951, 57940, 65971,
48984, 58549, 57927, 57927, 58549, 65970,
49000, 58394, 58558, 58558, 58394, 65939,
49016, 57928, 58549, 58549, 57928, 65970,
49032, 58558, 57367, 57367, 58558, 65939,
49048, 58585, 58383, 58383, 58585, 65993,
49064, 58595, 58596, 58596, 58595, 66000,
49080, 58607, 58585, 58585, 58607, 65993,
49096, 58617, 58618, 58618, 58617, 66001,
49112, 58629, 58630, 58630, 58629, 66002,
49128, 58641, 58642, 58642, 58641, 66003,
49144, 58653, 58654, 58654, 58653, 66004,
49160, 58665, 58529, 58529, 58665, 65999,
49176, 58675, 58676, 58676, 58675, 66005,
49192, 58687, 58688, 58688, 58687, 66006,
49208, 58596, 58698, 58698, 58596, 66000,
49224, 58709, 57915, 57915, 58709, 65969,
49240, 58719, 58720, 58720, 58719, 66007,
49256, 58731, 58719, 58719, 58731, 66007,
49272, 58698, 58595, 58595, 58698, 66000,
49288, 58749, 58687, 58687, 58749, 66006,
49304, 58688, 58749, 58749, 58688, 66006,
49320, 58767, 58675, 58675, 58767, 66005,
49336, 57916, 58776, 58776, 57916, 65969,
49352, 58787, 57861, 57861, 58787, 65967,
49368, 57850, 57903, 57903, 57850, 65966,
49384, 58805, 58607, 58607, 58805, 65993,
49400, 58815, 58816, 58816, 58815, 66001,
49416, 58816, 58617, 58617, 58816, 66001,
49432, 58835, 58709, 58709, 58835, 65969,
49448, 58676, 58767, 58767, 58676, 66005,
49464, 58776, 58835, 58835, 58776, 65969,
49480, 57610, 58860, 58860, 57610, 65954,
49496, 58871, 58872, 58872, 58871, 66008,
49512, 58883, 58884, 58884, 58883, 66009,
49528, 58884, 58894, 58894, 58884, 66009,
49544, 58905, 57803, 57803, 58905, 65963,
49560, 58915, 57779, 57779, 58915, 65961,
49576, 57768, 57815, 57815, 57768, 65960,
49592, 57792, 58932, 58932, 57792, 65962,
49608, 57804, 58905, 58905, 57804, 65963,
49624, 58932, 57791, 57791, 58932, 65962,
49640, 58959, 57849, 57849, 58959, 65966,
49656, 58969, 58970, 58970, 58969, 65989,
49672, 58981, 58982, 58982, 58981, 66010,
49688, 58993, 58994, 58994, 58993, 66011,
49704, 59005, 59006, 59006, 59005, 66012,
49720, 59017, 59018, 59018, 59017, 66013,
49736, 59029, 57743, 57743, 59029, 65943,
49752, 57732, 59038, 59038, 57732, 65958,
49768, 59038, 59048, 59048, 59038, 65958,
49784, 59059, 58993, 58993, 59059, 66011,
49800, 59069, 57457, 57457, 59069, 65942,
49816, 59079, 57401, 57401, 59079, 65937,
49832, 58208, 59088, 59088, 58208, 65986,
49848, 59099, 59100, 59100, 59099, 66014,
49864, 59111, 59112, 59112, 59111, 66015,
49880, 59123, 59124, 59124, 59123, 66016,
49896, 58196, 59134, 59134, 58196, 65985,
49912, 59145, 59146, 59146, 59145, 66017,
49928, 59157, 59158, 59158, 59157, 66018,
49944, 59169, 59170, 59170, 59169, 65995,
49960, 59181, 59182, 59182, 59181, 65945,
49976, 59193, 59194, 59194, 59193, 66019,
49992, 58172, 59204, 59204, 58172, 65983,
50008, 59215, 59216, 59216, 59215, 66020,
50024, 58148, 59226, 59226, 58148, 65981,
50040, 59237, 59238, 59238, 59237, 66021,
50056, 58530, 59248, 59248, 58530, 65999,
50072, 59259, 59260, 59260, 59259, 66022,
50088, 59271, 59272, 59272, 59271, 66023,
50104, 59283, 58981, 58981, 59283, 66010,
50120, 59293, 59271, 59271, 59293, 66023,
50136, 59303, 59005, 59005, 59303, 66012,
50152, 58994, 59059, 59059, 58994, 66011,
50168, 59006, 59303, 59303, 59006, 66012,
50184, 57446, 59029, 59029, 57446, 65943,
50200, 59337, 59338, 59338, 59337, 66024,
50216, 59349, 59337, 59337, 59349, 66024,
50232, 59018, 59358, 59358, 59018, 66013,
50248, 59338, 59368, 59368, 59338, 66024,
50264, 59368, 59378, 59378, 59368, 66024,
50280, 57700, 59388, 59388, 57700, 65957,
50296, 58354, 57699, 57699, 58354, 65957,
50312, 57434, 59069, 59069, 57434, 65942,
50328, 59238, 59414, 59414, 59238, 66021,
50344, 59414, 59237, 59237, 59414, 66021,
50360, 59226, 58147, 58147, 59226, 65981,
50376, 59441, 59442, 59442, 59441, 66025,
50392, 59442, 59452, 59452, 59442, 66025,
50408, 59463, 58135, 58135, 59463, 65980,
50424, 59216, 59472, 59472, 59216, 66020,
50440, 59472, 59215, 59215, 59472, 66020,
50456, 59204, 58171, 58171, 59204, 65983,
50472, 59499, 59500, 59500, 59499, 66026,
50488, 59500, 59510, 59510, 59500, 66026,
50504, 59521, 58159, 58159, 59521, 65982,
50520, 59531, 58231, 58231, 59531, 65988,
50536, 58220, 58243, 58243, 58220, 65987,
50552, 59100, 59548, 59548, 59100, 66014,
50568, 59548, 59099, 59099, 59548, 66014,
50584, 59088, 58207, 58207, 59088, 65986,
50600, 58232, 59531, 59531, 58232, 65988,
50616, 59146, 59582, 59582, 59146, 66017,
50632, 59582, 59145, 59145, 59582, 66017,
50648, 59134, 58195, 58195, 59134, 65985,
50664, 59609, 59610, 59610, 59609, 66027,
50680, 59610, 59620, 59620, 59610, 66027,
50696, 59631, 58183, 58183, 59631, 65984,
50712, 59641, 59642, 59642, 59641, 65944,
50728, 59182, 57481, 57481, 59182, 65945,
50744, 57470, 59641, 59641, 57470, 65944,
50760, 59669, 59193, 59193, 59669, 66019,
50776, 59679, 59669, 59669, 59679, 66019,
50792, 59689, 59181, 59181, 59689, 65945,
50808, 59170, 58469, 58469, 59170, 65995,
50824, 58458, 59689, 59689, 58458, 65945,
50840, 59715, 59157, 59157, 59715, 66018,
50856, 59725, 59123, 59123, 59725, 66016,
50872, 59048, 59734, 59734, 59048, 65958,
50888, 59745, 59725, 59725, 59745, 66016,
50904, 59755, 59169, 59169, 59755, 65995,
50920, 59124, 59764, 59764, 59124, 66016,
50936, 59775, 59755, 59755, 59775, 65995,
50952, 59785, 59111, 59111, 59785, 66015,
50968, 59795, 59017, 59017, 59795, 66013,
50984, 59805, 59795, 59795, 59805, 66013,
51000, 59815, 59816, 59816, 59815, 66015,
51016, 59816, 59826, 59826, 59816, 66015,
51032, 59837, 59838, 59838, 59837, 66018,
51048, 59838, 59848, 59848, 59838, 66018,
51064, 59859, 59860, 59860, 59859, 66019,
51080, 59642, 57711, 57711, 59642, 65944,
51096, 59879, 57755, 57755, 59879, 65959,
51112, 59378, 59349, 59349, 59378, 66024,
51128, 59358, 59805, 59805, 59358, 66013,
51144, 58982, 59283, 59283, 58982, 66010,
51160, 59272, 59293, 59293, 59272, 66023,
51176, 57458, 57433, 57433, 57458, 65942,
51192, 57744, 57445, 57445, 57744, 65943,
51208, 57688, 57677, 57677, 57688, 65956,
51224, 59848, 59715, 59715, 59848, 66018,
51240, 59194, 59859, 59859, 59194, 66019,
51256, 58160, 59521, 59521, 58160, 65982,
51272, 59510, 59499, 59499, 59510, 66026,
51288, 57720, 57493, 57493, 57720, 65946,
51304, 59860, 59679, 59679, 59860, 66019,
51320, 59734, 57731, 57731, 59734, 65958,
51336, 57756, 59879, 59879, 57756, 65959,
51352, 60009, 59745, 59745, 60009, 66016,
51368, 59826, 59785, 59785, 59826, 66015,
51384, 59158, 59837, 59837, 59158, 66018,
51400, 58184, 59631, 59631, 58184, 65984,
51416, 59620, 59609, 59609, 59620, 66027,
51432, 58136, 59463, 59463, 58136, 65980,
51448, 59452, 59441, 59441, 59452, 66025,
51464, 59112, 59815, 59815, 59112, 66015,
51480, 60075, 60076, 60076, 60075, 66028,
51496, 60087, 60088, 60088, 60087, 66029,
51512, 60099, 58297, 58297, 60099, 65990,
51528, 60109, 60110, 60110, 60109, 66030,
51544, 60121, 60122, 60122, 60121, 65950,
51560, 60133, 60134, 60134, 60133, 66031,
51576, 60145, 60109, 60109, 60145, 66030,
51592, 60155, 57549, 57549, 60155, 65949,
51608, 57562, 60164, 60164, 57562, 65950,
51624, 60122, 57561, 57561, 60122, 65950,
51640, 60183, 60184, 60184, 60183, 66031,
51656, 60195, 60196, 60196, 60195, 66030,
51672, 60207, 57539, 57539, 60207, 65948,
51688, 60164, 60121, 60121, 60164, 65950,
51704, 60110, 60195, 60195, 60110, 66030,
51720, 57550, 60155, 60155, 57550, 65949,
51736, 58298, 60099, 60099, 58298, 65990,
51752, 60088, 60248, 60248, 60088, 66029,
51768, 60259, 60207, 60207, 60259, 65948,
51784, 60269, 60270, 60270, 60269, 65992,
51800, 60281, 60133, 60133, 60281, 66031,
51816, 60291, 60292, 60292, 60291, 66002,
51832, 60292, 58629, 58629, 60292, 66002,
51848, 60248, 60087, 60087, 60248, 66029,
51864, 60319, 60320, 60320, 60319, 66032,
51880, 58630, 60330, 60330, 58630, 66002,
51896, 60341, 60319, 60319, 60341, 66032,
51912, 60351, 60352, 60352, 60351, 66033,
51928, 60352, 60362, 60362, 60352, 66033,
51944, 60373, 60374, 60374, 60373, 65994,
51960, 58310, 58333, 58333, 58310, 65991,
51976, 60270, 58321, 58321, 60270, 65992,
51992, 57632, 60400, 60400, 57632, 65953,
52008, 60400, 57597, 57597, 60400, 65953,
52024, 57984, 58093, 58093, 57984, 65973,
52040, 60427, 60428, 60428, 60427, 66009,
52056, 58124, 60438, 60438, 58124, 65979,
52072, 60449, 57573, 57573, 60449, 65951,
52088, 60459, 58071, 58071, 60459, 65978,
52104, 58072, 60459, 60459, 58072, 65978,
52120, 60477, 58517, 58517, 60477, 65998,
52136, 60487, 58493, 58493, 60487, 65997,
52152, 58112, 60449, 60449, 58112, 65951,
52168, 60438, 58123, 58123, 60438, 65979,
52184, 58894, 60427, 60427, 58894, 66009,
52200, 57892, 60520, 60520, 57892, 65968,
52216, 60184, 60281, 60281, 60184, 66031,
52232, 58618, 60538, 60538, 58618, 66001,
52248, 59388, 58353, 58353, 59388, 65957,
52264, 60557, 60558, 60558, 60557, 65976,
52280, 58518, 60477, 60477, 58518, 65998,
52296, 57506, 58505, 58505, 57506, 65947,
52312, 60558, 60584, 60584, 60558, 65976,
52328, 57996, 60594, 60594, 57996, 65974,
52344, 60594, 60604, 60604, 60594, 65974,
52360, 58482, 60614, 60614, 58482, 65996,
52376, 60625, 58481, 58481, 60625, 65996,
52392, 58494, 60487, 60487, 58494, 65997,
52408, 58020, 60557, 60557, 58020, 65976,
52424, 60584, 58019, 58019, 60584, 65976,
52440, 58032, 58053, 58053, 58032, 65977,
52456, 58008, 58043, 58043, 58008, 65975,
52472, 60675, 57995, 57995, 60675, 65974,
52488, 60604, 60675, 60675, 60604, 65974,
52504, 60428, 58883, 58883, 60428, 66009,
52520, 58872, 60700, 60700, 58872, 66008,
52536, 60700, 58871, 58871, 60700, 66008,
52552, 58860, 57609, 57609, 58860, 65954,
52568, 57780, 58915, 58915, 57780, 65961,
52584, 57656, 57643, 57643, 57656, 65955,
52600, 57598, 57631, 57631, 57598, 65953,
52616, 60614, 60750, 60750, 60614, 65996,
52632, 60750, 60625, 60625, 60750, 65996,
52648, 58506, 57517, 57517, 58506, 65947,
52664, 58342, 60269, 60269, 58342, 65992,
52680, 60520, 60784, 60784, 60520, 65968,
52696, 60795, 58641, 58641, 60795, 66003,
52712, 57862, 58787, 58787, 57862, 65967,
52728, 58384, 58805, 58805, 58384, 65993,
52744, 58720, 58731, 58731, 58720, 66007,
52760, 60320, 60341, 60341, 60320, 66032,
52776, 60330, 60291, 60291, 60330, 66002,
52792, 58970, 58263, 58263, 58970, 65989,
52808, 58438, 57411, 57411, 58438, 65941,
52824, 59248, 60860, 60860, 59248, 65999,
52840, 57838, 58253, 58253, 57838, 65965,
52856, 58264, 60878, 60878, 58264, 65989,
52872, 57390, 57309, 57309, 57390, 65936,
52888, 60897, 58417, 58417, 60897, 65994,
52904, 60538, 58815, 58815, 60538, 66001,
52920, 58406, 60914, 60914, 58406, 65972,
52936, 60925, 57891, 57891, 60925, 65968,
52952, 57962, 58405, 58405, 57962, 65972,
52968, 60943, 58653, 58653, 60943, 66004,
52984, 60953, 59259, 59259, 60953, 66022,
53000, 57332, 59079, 59079, 57332, 65937,
53016, 58274, 57343, 57343, 58274, 65938,
53032, 60914, 57961, 57961, 60914, 65972,
53048, 58470, 59775, 59775, 58470, 65995,
53064, 59764, 60009, 60009, 59764, 66016,
53080, 60860, 58665, 58665, 60860, 65999,
53096, 61011, 61012, 61012, 61011, 66004,
53112, 60374, 60897, 60897, 60374, 65994,
53128, 57904, 58959, 58959, 57904, 65966,
53144, 60362, 60351, 60351, 60362, 66033,
53160, 58418, 60373, 60373, 58418, 65994,
53176, 61055, 61056, 61056, 61055, 66028,
53192, 61067, 60075, 60075, 61067, 66028,
53208, 57586, 57621, 57621, 57586, 65952,
53224, 57528, 60259, 60259, 57528, 65948,
53240, 61056, 61067, 61067, 61056, 66028,
53256, 58286, 57825, 57825, 58286, 65964,
53272, 57826, 58449, 58449, 57826, 65964,
53288, 60784, 60925, 60925, 60784, 65968,
53304, 61012, 60943, 60943, 61012, 66004,
53320, 58654, 61011, 61011, 58654, 66004,
53336, 59260, 60953, 60953, 59260, 66022,
53352, 60076, 61055, 61055, 60076, 66028,
53368, 60196, 60145, 60145, 60196, 66030,
53384, 60134, 60183, 60183, 60134, 66031,
53400, 60878, 58969, 58969, 60878, 65989,
53416, 58642, 60795, 60795, 58642, 66003,
