19680, 29146, 29147, 29147, 29146, 40810,
19688, 29157, 29158, 29158, 29157, 40811,
19700, 29169, 29170, 29170, 29169, 40812,
19704, 29179, 29180, 29180, 29179, 40813,
19724, 29191, 29192, 29192, 29191, 40814,
19736, 29203, 29204, 29204, 29203, 40815,
19760, 29216, 29217, 29217, 29216, 40816,
19772, 29227, 29228, 29228, 29227, 40816,
19788, 29239, 29240, 29240, 29239, 40817,
19808, 29252, 29253, 29253, 29252, 40818,
19812, 29263, 29264, 29264, 29263, 40818,
19840, 29276, 29277, 29277, 29276, 40814,
19844, 29287, 29288, 29288, 29287, 40819,
19860, 29299, 29300, 29300, 29299, 40820,
19888, 29312, 29276, 29276, 29312, 40814,
19904, 29277, 29191, 29191, 29277, 40814,
19908, 29329, 29330, 29330, 29329, 40821,
19920, 29340, 29341, 29341, 29340, 40822,
19924, 29351, 29352, 29352, 29351, 40823,
19932, 29363, 29364, 29364, 29363, 40821,
19944, 29228, 29216, 29216, 29228, 40816,
19956, 29383, 29384, 29384, 29383, 40824,
19972, 29395, 29396, 29396, 29395, 40825,
19976, 29405, 29406, 29406, 29405, 40826,
20000, 29418, 29419, 29419, 29418, 40827,
20012, 29429, 29430, 29430, 29429, 40828,
20020, 29441, 29442, 29442, 29441, 40829,
20036, 29453, 29203, 29203, 29453, 40815,
20060, 29463, 29227, 29227, 29463, 40816,
20068, 29473, 29474, 29474, 29473, 40827,
20096, 29486, 29239, 29239, 29486, 40817,
20108, 29419, 29494, 29494, 29419, 40827,
20124, 29505, 29506, 29506, 29505, 40830,
20144, 29518, 29363, 29363, 29518, 40821,
20148, 29527, 29528, 29528, 29527, 40831,
20168, 29158, 29538, 29538, 29158, 40811,
20172, 29547, 29548, 29548, 29547, 40832,
20180, 29384, 29558, 29558, 29384, 40824,
20196, 29569, 29570, 29570, 29569, 40833,
20224, 29582, 29583, 29583, 29582, 40811,
20228, 29593, 29594, 29594, 29593, 40834,
20232, 29603, 29604, 29604, 29603, 40835,
20256, 29616, 29617, 29617, 29616, 40836,
20272, 29628, 29629, 29629, 29628, 40837,
20288, 29640, 29641, 29641, 29640, 40838,
20292, 29651, 29146, 29146, 29651, 40810,
20308, 29240, 29660, 29660, 29240, 40817,
20332, 29671, 29672, 29672, 29671, 40839,
20344, 29683, 29684, 29684, 29683, 40840,
20364, 29695, 29696, 29696, 29695, 40841,
20376, 29696, 29706, 29706, 29696, 40841,
20392, 29717, 29718, 29718, 29717, 40842,
20412, 29729, 29730, 29730, 29729, 40843,
20428, 29741, 29742, 29742, 29741, 40844,
20448, 29754, 29755, 29755, 29754, 40845,
20456, 29765, 29766, 29766, 29765, 40846,
20476, 29766, 29778, 29778, 29766, 40846,
20480, 29786, 29787, 29787, 29786, 40847,
20496, 29798, 29799, 29799, 29798, 40848,
20500, 29809, 29798, 29798, 29809, 40848,
20512, 29818, 29819, 29819, 29818, 40849,
20524, 29831, 29832, 29832, 29831, 40850,
20528, 29840, 29841, 29841, 29840, 40851,
20532, 29851, 29852, 29852, 29851, 40851,
20556, 29865, 29866, 29866, 29865, 40852,
20560, 29874, 29695, 29695, 29874, 40841,
20564, 29706, 29882, 29882, 29706, 40841,
20572, 29799, 29892, 29892, 29799, 40848,
20584, 29892, 29902, 29902, 29892, 40848,
20600, 29841, 29912, 29912, 29841, 40851,
20612, 29923, 29924, 29924, 29923, 40840,
20624, 29934, 29935, 29935, 29934, 40853,
20636, 29912, 29851, 29851, 29912, 40851,
20652, 29953, 29954, 29954, 29953, 40854,
20672, 29506, 29965, 29965, 29506, 40830,
20684, 29975, 29976, 29976, 29975, 40812,
20704, 29660, 29987, 29987, 29660, 40817,
20708, 29997, 29998, 29998, 29997, 40847,
20732, 30011, 30012, 30012, 30011, 40855,
20736, 30020, 30021, 30021, 30020, 40856,
20740, 30031, 29865, 29865, 30031, 40852,
20756, 30041, 29934, 29934, 30041, 40853,
20780, 30051, 30052, 30052, 30051, 40857,
20796, 30063, 30051, 30051, 30063, 40857,
20808, 30073, 30020, 30020, 30073, 40856,
20812, 30012, 30080, 30080, 30012, 40855,
20832, 29787, 29997, 29997, 29787, 40847,
20836, 30099, 30100, 30100, 30099, 40858,
20844, 30111, 30112, 30112, 30111, 40842,
20852, 30112, 30122, 30122, 30112, 40842,
20872, 30133, 30134, 30134, 30133, 40839,
20888, 30145, 30146, 30146, 30145, 40859,
20904, 29364, 29329, 29329, 29364, 40821,
20908, 29341, 30162, 30162, 29341, 40822,
20920, 30162, 29340, 29340, 30162, 40822,
20936, 30181, 29603, 29603, 30181, 40835,
20940, 29594, 30188, 30188, 29594, 40834,
20960, 29604, 30181, 30181, 29604, 40835,
20976, 30208, 30209, 30209, 30208, 40860,
20988, 30219, 30220, 30220, 30219, 40834,
21000, 30220, 29593, 29593, 30220, 40834,
21024, 30240, 29975, 29975, 30240, 40812,
21040, 30134, 29671, 29671, 30134, 40839,
21048, 30257, 29287, 29287, 30257, 40819,
21060, 30209, 30266, 30266, 30209, 40860,
21064, 30275, 30276, 30276, 30275, 40861,
21076, 30287, 30288, 30288, 30287, 40862,
21084, 30299, 30300, 30300, 30299, 40813,
21088, 30308, 30309, 30309, 30308, 40863,
21092, 30319, 30257, 30257, 30319, 40819,
21100, 29180, 30299, 30299, 29180, 40813,
21108, 29976, 29169, 29169, 29976, 40812,
21124, 30345, 30346, 30346, 30345, 40863,
21140, 30309, 30356, 30356, 30309, 40863,
21152, 30366, 30287, 30287, 30366, 40862,
21156, 30375, 29179, 29179, 30375, 40813,
21160, 29170, 30240, 30240, 29170, 40812,
21176, 30346, 30308, 30308, 30346, 40863,
21180, 30300, 30375, 30375, 30300, 40813,
21188, 30405, 30275, 30275, 30405, 40861,
21192, 30266, 30208, 30208, 30266, 40860,
21216, 29192, 29312, 29312, 29192, 40814,
21220, 30429, 30430, 30430, 30429, 40864,
21236, 30441, 30442, 30442, 30441, 40865,
21240, 30451, 30452, 30452, 30451, 40866,
21252, 30463, 30464, 30464, 30463, 40867,
21256, 30473, 30474, 30474, 30473, 40868,
21268, 30485, 30486, 30486, 30485, 40869,
21280, 30496, 30497, 30497, 30496, 40864,
21284, 30507, 29395, 29395, 30507, 40825,
21292, 30517, 30518, 30518, 30517, 40870,
21296, 30526, 30527, 30527, 30526, 40871,
21300, 30537, 30538, 30538, 30537, 40872,
21328, 30550, 30551, 30551, 30550, 40873,
21332, 30561, 30562, 30562, 30561, 40874,
21336, 30571, 30572, 30572, 30571, 40875,
21348, 30583, 30584, 30584, 30583, 40872,
21360, 30594, 30595, 30595, 30594, 40869,
21376, 30606, 30607, 30607, 30606, 40876,
21380, 30617, 30618, 30618, 30617, 40877,
21392, 30628, 30629, 30629, 30628, 40878,
21396, 30639, 30640, 30640, 30639, 40879,
21400, 30649, 30650, 30650, 30649, 40880,
21420, 30663, 30664, 30664, 30663, 40881,
21424, 30672, 30673, 30673, 30672, 40882,
21428, 30683, 30517, 30517, 30683, 40870,
21448, 30693, 30694, 30694, 30693, 40883,
21464, 30538, 30583, 30583, 30538, 40872,
21468, 30595, 30710, 30710, 30595, 40869,
21480, 30710, 30485, 30485, 30710, 40869,
21484, 30497, 30726, 30726, 30497, 40864,
21496, 30726, 30429, 30429, 30726, 40864,
21504, 30746, 30663, 30663, 30746, 40881,
21508, 30755, 30746, 30746, 30755, 40881,
21524, 30765, 30496, 30496, 30765, 40864,
21548, 30777, 29405, 29405, 30777, 40826,
21552, 29396, 30783, 30783, 29396, 40825,
21560, 30793, 30777, 30777, 30793, 40826,
21580, 30805, 30507, 30507, 30805, 40825,
21584, 30527, 30811, 30811, 30527, 40871,
21592, 30821, 30805, 30805, 30821, 40825,
21604, 30831, 30594, 30594, 30831, 40869,
21628, 30843, 30844, 30844, 30843, 40884,
21632, 30852, 30853, 30853, 30852, 40826,
21636, 30863, 30843, 30843, 30863, 40884,
21664, 30874, 30537, 30537, 30874, 40872,
21672, 30883, 30874, 30874, 30883, 40872,
21692, 30895, 30896, 30896, 30895, 40883,
21696, 30904, 30905, 30905, 30904, 40884,
21700, 30694, 30895, 30895, 30694, 40883,
21720, 30923, 30473, 30473, 30923, 40868,
21724, 30464, 30930, 30930, 30464, 40867,
21736, 30930, 30463, 30463, 30930, 40867,
21752, 30949, 30950, 30950, 30949, 40885,
21756, 30959, 30960, 30960, 30959, 40886,
21768, 30960, 30970, 30970, 30960, 40886,
21784, 30981, 30982, 30982, 30981, 40887,
21800, 30993, 30994, 30994, 30993, 40888,
21804, 31003, 31004, 31004, 31003, 40889,
21816, 31004, 31014, 31014, 31004, 40889,
21832, 31025, 31026, 31026, 31025, 40890,
21836, 31035, 30981, 30981, 31035, 40887,
21848, 31045, 30571, 30571, 31045, 40875,
21852, 30562, 31052, 31052, 30562, 40874,
21864, 31052, 30561, 30561, 31052, 40874,
21880, 31071, 31072, 31072, 31071, 40891,
21884, 31081, 31082, 31082, 31081, 40892,
21896, 31082, 31092, 31092, 31082, 40892,
21912, 31103, 30451, 30451, 31103, 40866,
21916, 30442, 31110, 31110, 30442, 40865,
21928, 31110, 30441, 30441, 31110, 40865,
21944, 31129, 31130, 31130, 31129, 40893,
21948, 31139, 31140, 31140, 31139, 40894,
21960, 31140, 31150, 31150, 31140, 40894,
21984, 31162, 31163, 31163, 31162, 40878,
21992, 31173, 31174, 31174, 31173, 40854,
22016, 29954, 31185, 31185, 29954, 40854,
22028, 30673, 31194, 31194, 30673, 40882,
22044, 31194, 31204, 31204, 31194, 40882,
22052, 30664, 31214, 31214, 30664, 40881,
22064, 31224, 30672, 30672, 31224, 40882,
22072, 31204, 31224, 31224, 31204, 40882,
22088, 31241, 31242, 31242, 31241, 40877,
22104, 31253, 31254, 31254, 31253, 40895,
22120, 31265, 31266, 31266, 31265, 40896,
22124, 31275, 31253, 31253, 31275, 40895,
22136, 31285, 30639, 30639, 31285, 40879,
22152, 31295, 30649, 30649, 31295, 40880,
22156, 30640, 31285, 31285, 30640, 40879,
22168, 29204, 29453, 29453, 29204, 40815,
22188, 29558, 31318, 31318, 29558, 40824,
22200, 31150, 31139, 31139, 31150, 40894,
22204, 31130, 31334, 31334, 31130, 40893,
22212, 31092, 31081, 31081, 31092, 40892,
22216, 31072, 31350, 31350, 31072, 40891,
22236, 30584, 30883, 30883, 30584, 40872,
22252, 30905, 30863, 30863, 30905, 40884,
22268, 30853, 30793, 30793, 30853, 40826,
22284, 30486, 30831, 30831, 30486, 40869,
22296, 30970, 30959, 30959, 30970, 40886,
22300, 30950, 31398, 31398, 30950, 40885,
22316, 30783, 30821, 30821, 30783, 40825,
22332, 30430, 30765, 30765, 30430, 40864,
22340, 31014, 31003, 31003, 31014, 40889,
22344, 30994, 31430, 31430, 30994, 40888,
22360, 31441, 29441, 29441, 31441, 40829,
22380, 31451, 31162, 31162, 31451, 40878,
22392, 31461, 31265, 31265, 31461, 40896,
22412, 30811, 31470, 31470, 30811, 40871,
22424, 31470, 31480, 31480, 31470, 40871,
22428, 31489, 31241, 31241, 31489, 40877,
22444, 31214, 30755, 30755, 31214, 40881,
22456, 31254, 31275, 31275, 31254, 40895,
22460, 31266, 31461, 31461, 31266, 40896,
22472, 30650, 31295, 31295, 30650, 40880,
22484, 29583, 29157, 29157, 29583, 40811,
22504, 31537, 29351, 29351, 31537, 40823,
22524, 31547, 31548, 31548, 31547, 40897,
22536, 31559, 31560, 31560, 31559, 40898,
22548, 31548, 31570, 31570, 31548, 40897,
22568, 31581, 31582, 31582, 31581, 40899,
22580, 31593, 29741, 29741, 31593, 40844,
22608, 31604, 31559, 31559, 31604, 40898,
22620, 29998, 31612, 31612, 29998, 40847,
22636, 31612, 29786, 29786, 31612, 40847,
22640, 29778, 29765, 29765, 29778, 40846,
22644, 29755, 31636, 31636, 29755, 40845,
22672, 31648, 31649, 31649, 31648, 40900,
22688, 31660, 31661, 31661, 31660, 40901,
22704, 31672, 31648, 31648, 31672, 40900,
22708, 31681, 31682, 31682, 31681, 40830,
22736, 31682, 29505, 29505, 31682, 40830,
22740, 31701, 29628, 29628, 31701, 40837,
22756, 31711, 31712, 31712, 31711, 40823,
22760, 31721, 29640, 29640, 31721, 40838,
22768, 31649, 31729, 31729, 31649, 40900,
22784, 31740, 31660, 31660, 31740, 40901,
22788, 31749, 31750, 31750, 31749, 40902,
22816, 31762, 31749, 31749, 31762, 40902,
22828, 31771, 31772, 31772, 31771, 40903,
22844, 31783, 29616, 29616, 31783, 40836,
22864, 29617, 31783, 31783, 29617, 40836,
22876, 31801, 31672, 31672, 31801, 40900,
22884, 31772, 31810, 31810, 31772, 40903,
22912, 31750, 31762, 31762, 31750, 40902,
22928, 31661, 31740, 31740, 31661, 40901,
22936, 31839, 29383, 29383, 31839, 40824,
22944, 29217, 29463, 29463, 29217, 40816,
22960, 29147, 29651, 29651, 29147, 40810,
22972, 30188, 30219, 30219, 30188, 40834,
22980, 29965, 31681, 31681, 29965, 40830,
23008, 31880, 31701, 31701, 31880, 40837,
23016, 31810, 31771, 31771, 31810, 40903,
23028, 31897, 31880, 31880, 31897, 40837,
23048, 31907, 31908, 31908, 31907, 40904,
23052, 31917, 31918, 31918, 31917, 40905,
23060, 31908, 31928, 31928, 31908, 40904,
23072, 31938, 31917, 31917, 31938, 40905,
23076, 31947, 31948, 31948, 31947, 40906,
23104, 31318, 31839, 31839, 31318, 40824,
23108, 29935, 30041, 30041, 29935, 40853,
23120, 29684, 29923, 29923, 29684, 40840,
23124, 29866, 30031, 30031, 29866, 40852,
23136, 29882, 29874, 29874, 29882, 40841,
23148, 29406, 30852, 30852, 29406, 40826,
23152, 30844, 32001, 32001, 30844, 40884,
23168, 32012, 29252, 29252, 32012, 40818,
23180, 29570, 32020, 32020, 29570, 40833,
23192, 32020, 32030, 32030, 32020, 40833,
23204, 29330, 29518, 29518, 29330, 40821,
23220, 29494, 29473, 29473, 29494, 40827,
23240, 31928, 32058, 32058, 31928, 40904,
23248, 29629, 31897, 31897, 29629, 40837,
23256, 32058, 32074, 32074, 32058, 40904,
23260, 32083, 32084, 32084, 32083, 40907,
23280, 31174, 29953, 29953, 31174, 40854,
23288, 29672, 32102, 32102, 29672, 40839,
23292, 32111, 30145, 30145, 32111, 40859,
23300, 32102, 30133, 30133, 32102, 40839,
23312, 30146, 32111, 32111, 30146, 40859,
23316, 30276, 30405, 30405, 30276, 40861,
23340, 29264, 32012, 32012, 29264, 40818,
23360, 29430, 32151, 32151, 29430, 40828,
23364, 29538, 29582, 29582, 29538, 40811,
23376, 32168, 29547, 29547, 32168, 40832,
23384, 32177, 31025, 31025, 32177, 40890,
23400, 30982, 31035, 31035, 30982, 40887,
23404, 31026, 32177, 32177, 31026, 40890,
23412, 31430, 30993, 30993, 31430, 40888,
23428, 31398, 30949, 30949, 31398, 40885,
23448, 30474, 30923, 30923, 30474, 40868,
23460, 31350, 31071, 31071, 31350, 40891,
23480, 30572, 31045, 31045, 30572, 40875,
23492, 31334, 31129, 31129, 31334, 40893,
23512, 30452, 31103, 31103, 30452, 40866,
23532, 30080, 30011, 30011, 30080, 40855,
23552, 30021, 32265, 32265, 30021, 40856,
23560, 32265, 32276, 32276, 32265, 40856,
23568, 32286, 30099, 30099, 32286, 40858,
23572, 32295, 32286, 32286, 32295, 40858,
23580, 30052, 30063, 30063, 30052, 40857,
23596, 32313, 32314, 32314, 32313, 40843,
23612, 32325, 29831, 29831, 32325, 40850,
23628, 32335, 29818, 29818, 32335, 40849,
23636, 29832, 32325, 32325, 29832, 40850,
23648, 29852, 29840, 29840, 29852, 40851,
23652, 29819, 32335, 32335, 29819, 40849,
23664, 29902, 29809, 29809, 29902, 40848,
23676, 30100, 32372, 32372, 30100, 40858,
23696, 32372, 32295, 32295, 32372, 40858,
23708, 29474, 29418, 29418, 29474, 40827,
23720, 32399, 31947, 31947, 32399, 40906,
23736, 31948, 32399, 32399, 31948, 40906,
23756, 31918, 31938, 31938, 31918, 40905,
23764, 31729, 31801, 31801, 31729, 40900,
23776, 29352, 31711, 31711, 29352, 40823,
23788, 29987, 29486, 29486, 29987, 40817,
23800, 32084, 32446, 32446, 32084, 40907,
23804, 32455, 32456, 32456, 32455, 40828,
23812, 29641, 31721, 31721, 29641, 40838,
23816, 31712, 31537, 31537, 31712, 40823,
23832, 29548, 32168, 32168, 29548, 40832,
23840, 29253, 29263, 29263, 29253, 40818,
23848, 32497, 31581, 31581, 32497, 40899,
23868, 31560, 31604, 31604, 31560, 40898,
23888, 31570, 31547, 31547, 31570, 40897,
23892, 29742, 31593, 31593, 29742, 40844,
23908, 31582, 32497, 32497, 31582, 40899,
23924, 30518, 30683, 30683, 30518, 40870,
23932, 30618, 31489, 31489, 30618, 40877,
23936, 31480, 30526, 30526, 31480, 40871,
23944, 30551, 32558, 32558, 30551, 40873,
23948, 32567, 30693, 30693, 32567, 40883,
23956, 31185, 31173, 31173, 31185, 40854,
23964, 30607, 32584, 32584, 30607, 40876,
23984, 32584, 30606, 30606, 32584, 40876,
24000, 32604, 32313, 32313, 32604, 40843,
24004, 29730, 32604, 32604, 29730, 40843,
24032, 32314, 29729, 29729, 32314, 40843,
24044, 30122, 29717, 29717, 30122, 40842,
24064, 32638, 29299, 29299, 32638, 40820,
24072, 31636, 29754, 29754, 31636, 40845,
24092, 29718, 30111, 30111, 29718, 40842,
24100, 29300, 32638, 32638, 29300, 40820,
24120, 32276, 30073, 30073, 32276, 40856,
24136, 30356, 30345, 30345, 30356, 40863,
24156, 30288, 30366, 30366, 30288, 40862,
24168, 32695, 30319, 30319, 32695, 40819,
24188, 29288, 32695, 32695, 29288, 40819,
24200, 32713, 29683, 29683, 32713, 40840,
24220, 29924, 32713, 32713, 29924, 40840,
24228, 32558, 30550, 30550, 32558, 40873,
24236, 32001, 30904, 30904, 32001, 40884,
24240, 30896, 32567, 32567, 30896, 40883,
24244, 30629, 31451, 31451, 30629, 40878,
24256, 31242, 30617, 30617, 31242, 40877,
24272, 31163, 30628, 30628, 31163, 40878,
24276, 32030, 32772, 32772, 32030, 40833,
24304, 32772, 29569, 29569, 32772, 40833,
24312, 32791, 31441, 31441, 32791, 40829,
24336, 29528, 32801, 32801, 29528, 40831,
24340, 32446, 32083, 32083, 32446, 40907,
24344, 32074, 31907, 31907, 32074, 40904,
24352, 32151, 32455, 32455, 32151, 40828,
24368, 32456, 29429, 29429, 32456, 40828,
24380, 29442, 32838, 32838, 29442, 40829,
24392, 32838, 32791, 32791, 32838, 40829,
24400, 32801, 29527, 29527, 32801, 40831,
24404, 32865, 32866, 32866, 32865, 40908,
24412, 32877, 32878, 32878, 32877, 40909,
24424, 32878, 32888, 32888, 32878, 40909,
24436, 32899, 32900, 32900, 32899, 40910,
24452, 32911, 32912, 32912, 32911, 40910,
24460, 32923, 32924, 32924, 32923, 40911,
24464, 32932, 32933, 32933, 32932, 40912,
24468, 32866, 32942, 32942, 32866, 40908,
24492, 32953, 32877, 32877, 32953, 40909,
24500, 32963, 32964, 32964, 32963, 40913,
24528, 32964, 32975, 32975, 32964, 40913,
24532, 32985, 32986, 32986, 32985, 40914,
24548, 32997, 32998, 32998, 32997, 40915,
24560, 33008, 33009, 33009, 33008, 40914,
24564, 33019, 33020, 33020, 33019, 40916,
24568, 33029, 33030, 33030, 33029, 40917,
24576, 33040, 33041, 33041, 33040, 40918,
24584, 33051, 33052, 33052, 33051, 40919,
24604, 33063, 33051, 33051, 33063, 40919,
24616, 33073, 33074, 33074, 33073, 40920,
24636, 33085, 33073, 33073, 33085, 40920,
24648, 33095, 33096, 33096, 33095, 40921,
24668, 33107, 33108, 33108, 33107, 40922,
24684, 33119, 33120, 33120, 33119, 40923,
24704, 33132, 33133, 33133, 33132, 40924,
24712, 33143, 33144, 33144, 33143, 40925,
24732, 33155, 33156, 33156, 33155, 40926,
24740, 33167, 33132, 33132, 33167, 40924,
24760, 33177, 33178, 33178, 33177, 40925,
24772, 33189, 33190, 33190, 33189, 40927,
24800, 33202, 33203, 33203, 33202, 40927,
24804, 33213, 33202, 33202, 33213, 40927,
24820, 33223, 33224, 33224, 33223, 40928,
24840, 33224, 33236, 33236, 33224, 40928,
24848, 33246, 33247, 33247, 33246, 40929,
24856, 33257, 33019, 33019, 33257, 40916,
24860, 33041, 33264, 33264, 33041, 40918,
24868, 33275, 33276, 33276, 33275, 40930,
24872, 33285, 33286, 33286, 33285, 40915,
24880, 33296, 33297, 33297, 33296, 40931,
24896, 33308, 33309, 33309, 33308, 40932,
24912, 33320, 33321, 33321, 33320, 40933,
24916, 33331, 33332, 33332, 33331, 40934,
24936, 33343, 33344, 33344, 33343, 40935,
24956, 33355, 33308, 33308, 33355, 40932,
24964, 33365, 33366, 33366, 33365, 40936,
24972, 33377, 33378, 33378, 33377, 40937,
24988, 33391, 33392, 33392, 33391, 40938,
24992, 33400, 33401, 33401, 33400, 40939,
25000, 32900, 32911, 32911, 32900, 40910,
25004, 32933, 33416, 33416, 32933, 40912,
25016, 33427, 33428, 33428, 33427, 40940,
25028, 33439, 33440, 33440, 33439, 40938,
25040, 33450, 33451, 33451, 33450, 40941,
25048, 33461, 33462, 33462, 33461, 40942,
25068, 33473, 33474, 33474, 33473, 40943,
25084, 33485, 33473, 33473, 33485, 40943,
25096, 33495, 33496, 33496, 33495, 40944,
25108, 33507, 33508, 33508, 33507, 40945,
25128, 33508, 33518, 33518, 33508, 40945,
25140, 33529, 33530, 33530, 33529, 40946,
25152, 33540, 33541, 33541, 33540, 40947,
25156, 33551, 33552, 33552, 33551, 40948,
25168, 33562, 33563, 33563, 33562, 40949,
25176, 33573, 33540, 33540, 33573, 40947,
25192, 33583, 33562, 33562, 33583, 40949,
25208, 33190, 33213, 33213, 33190, 40927,
25224, 33603, 33604, 33604, 33603, 40950,
25232, 33614, 33507, 33507, 33614, 40945,
25236, 33623, 33614, 33614, 33623, 40945,
25244, 33120, 33632, 33632, 33120, 40923,
25252, 33632, 33642, 33642, 33632, 40923,
25272, 33653, 33654, 33654, 33653, 40951,
25292, 33665, 33666, 33666, 33665, 40952,
25312, 33678, 33679, 33679, 33678, 40953,
25324, 33689, 33690, 33690, 33689, 40954,
25344, 33702, 33703, 33703, 33702, 40955,
25356, 33713, 33714, 33714, 33713, 40956,
25376, 33726, 33727, 33727, 33726, 40957,
25392, 33738, 33739, 33739, 33738, 40958,
25400, 33749, 33750, 33750, 33749, 40959,
25404, 33759, 33760, 33760, 33759, 40960,
25420, 33771, 33749, 33749, 33771, 40959,
25428, 33781, 33377, 33377, 33781, 40937,
25440, 33790, 33791, 33791, 33790, 40961,
25444, 32912, 33800, 33800, 32912, 40910,
25464, 33811, 33812, 33812, 33811, 40936,
25488, 33824, 33825, 33825, 33824, 40962,
25492, 33835, 33836, 33836, 33835, 40963,
25504, 33846, 33847, 33847, 33846, 40964,
25512, 33857, 33835, 33835, 33857, 40963,
25516, 33847, 33864, 33864, 33847, 40964,
25524, 33875, 33876, 33876, 33875, 40929,
25544, 33416, 32932, 32932, 33416, 40912,
25548, 32924, 33892, 33892, 32924, 40911,
25556, 33903, 33904, 33904, 33903, 40965,
25564, 33892, 33914, 33914, 33892, 40911,
25584, 33926, 33927, 33927, 33926, 40944,
25600, 33938, 33939, 33939, 33938, 40966,
25612, 32975, 33948, 33948, 32975, 40913,
25624, 33948, 33958, 33958, 33948, 40913,
25636, 33969, 33811, 33811, 33969, 40936,
25652, 33030, 33978, 33978, 33030, 40917,
25656, 33987, 33988, 33988, 33987, 40967,
25668, 33999, 34000, 34000, 33999, 40968,
25680, 34010, 34011, 34011, 34010, 40969,
25684, 34021, 34022, 34022, 34021, 40919,
25696, 34032, 34033, 34033, 34032, 40970,
25700, 34043, 34044, 34044, 34043, 40971,
25728, 33474, 33485, 33485, 33474, 40943,
25732, 34063, 33461, 33461, 34063, 40942,
25744, 33914, 34071, 34071, 33914, 40911,
25752, 33462, 34063, 34063, 33462, 40942,
25756, 34071, 32923, 32923, 34071, 40911,
25776, 34096, 33903, 33903, 34096, 40965,
25788, 34105, 34106, 34106, 34105, 40972,
25796, 34117, 34096, 34096, 34117, 40965,
25824, 34128, 34129, 34129, 34128, 40973,
25832, 34139, 34140, 34140, 34139, 40974,
25844, 34151, 34152, 34152, 34151, 40975,
25860, 34163, 34164, 34164, 34163, 40976,
25868, 34175, 34043, 34043, 34175, 40971,
25876, 34185, 34186, 34186, 34185, 40977,
25892, 34197, 34198, 34198, 34197, 40978,
25920, 34106, 34209, 34209, 34106, 40972,
25928, 34219, 33450, 33450, 34219, 40941,
25940, 34229, 34230, 34230, 34229, 40979,
25960, 34241, 34229, 34229, 34241, 40979,
25976, 34209, 34105, 34105, 34209, 40972,
25988, 34259, 34197, 34197, 34259, 40978,
26016, 34198, 34259, 34259, 34198, 40978,
26020, 34277, 34185, 34185, 34277, 40977,
26036, 33451, 34286, 34286, 33451, 40941,
26044, 34297, 33400, 33400, 34297, 40939,
26048, 33392, 33439, 33439, 33392, 40938,
26064, 34312, 34117, 34117, 34312, 40965,
26068, 34321, 34322, 34322, 34321, 40973,
26096, 34322, 34128, 34128, 34322, 40973,
26100, 34341, 34219, 34219, 34341, 40941,
26116, 34186, 34277, 34277, 34186, 40977,
26132, 34286, 34341, 34341, 34286, 40941,
26160, 33156, 34367, 34367, 33156, 40926,
26164, 34377, 34378, 34378, 34377, 40980,
26168, 34387, 34388, 34388, 34387, 40981,
26184, 34388, 34398, 34398, 34388, 40981,
26196, 34409, 33343, 33343, 34409, 40935,
26224, 34420, 33320, 33320, 34420, 40933,
26236, 33309, 33355, 33355, 33309, 40932,
26256, 33332, 34437, 34437, 33332, 40934,
26268, 33344, 34409, 34409, 33344, 40935,
26280, 34437, 33331, 33331, 34437, 40934,
26300, 34463, 33391, 33391, 34463, 40938,
26320, 34474, 34475, 34475, 34474, 40961,
26332, 34485, 34486, 34486, 34485, 40982,
26344, 34497, 34498, 34498, 34497, 40983,
26348, 34507, 34508, 34508, 34507, 40984,
26360, 34519, 34520, 34520, 34519, 40985,
26376, 34531, 33285, 33285, 34531, 40915,
26380, 33276, 34538, 34538, 33276, 40930,
26392, 34538, 34548, 34548, 34538, 40930,
26412, 34559, 34497, 34497, 34559, 40983,
26424, 34569, 33008, 33008, 34569, 40914,
26444, 34579, 32953, 32953, 34579, 40909,
26460, 33739, 34590, 34590, 33739, 40958,
26464, 34598, 34599, 34599, 34598, 40986,
26472, 34609, 34610, 34610, 34609, 40987,
26488, 34621, 34622, 34622, 34621, 40988,
26504, 33727, 34632, 34632, 33727, 40957,
26508, 34641, 34642, 34642, 34641, 40989,
26520, 34653, 34654, 34654, 34653, 40990,
26536, 34665, 34666, 34666, 34665, 40967,
26552, 34677, 34678, 34678, 34677, 40917,
26568, 34689, 34690, 34690, 34689, 40991,
26588, 33703, 34702, 34702, 33703, 40955,
26592, 34710, 34711, 34711, 34710, 40992,
26600, 33679, 34720, 34720, 33679, 40953,
26604, 34729, 34730, 34730, 34729, 40993,
26616, 34044, 34740, 34740, 34044, 40971,
26636, 34751, 34752, 34752, 34751, 40994,
26648, 34763, 34764, 34764, 34763, 40995,
26652, 34773, 34485, 34485, 34773, 40982,
26668, 34783, 34763, 34763, 34783, 40995,
26680, 34793, 34507, 34507, 34793, 40984,
26684, 34498, 34559, 34559, 34498, 40983,
26700, 34508, 34793, 34793, 34508, 40984,
26716, 32998, 34531, 34531, 32998, 40915,
26732, 34825, 34826, 34826, 34825, 40996,
26740, 34837, 34825, 34825, 34837, 40996,
26752, 34520, 34845, 34845, 34520, 40985,
26760, 34826, 34854, 34854, 34826, 40996,
26776, 34854, 34864, 34864, 34854, 40996,
26788, 33247, 34874, 34874, 33247, 40929,
26812, 33876, 33246, 33246, 33876, 40929,
26820, 32986, 34569, 34569, 32986, 40914,
26844, 34730, 34900, 34900, 34730, 40993,
26856, 34900, 34729, 34729, 34900, 40993,
26860, 34720, 33678, 33678, 34720, 40953,
26876, 34925, 34926, 34926, 34925, 40997,
26888, 34926, 34936, 34936, 34926, 40997,
26892, 34945, 33665, 33665, 34945, 40952,
26908, 34711, 34954, 34954, 34711, 40992,
26920, 34954, 34710, 34710, 34954, 40992,
26924, 34702, 33702, 33702, 34702, 40955,
26940, 34979, 34980, 34980, 34979, 40998,
26952, 34980, 34990, 34990, 34980, 40998,
26956, 34999, 33689, 33689, 34999, 40954,
26968, 35009, 33759, 33759, 35009, 40960,
26972, 33750, 33771, 33771, 33750, 40959,
26988, 34599, 35024, 35024, 34599, 40986,
27000, 35024, 34598, 34598, 35024, 40986,
27004, 34590, 33738, 33738, 34590, 40958,
27020, 33760, 35009, 35009, 33760, 40960,
27036, 34642, 35056, 35056, 34642, 40989,
27048, 35056, 34641, 34641, 35056, 40989,
27052, 34632, 33726, 33726, 34632, 40957,
27068, 35081, 35082, 35082, 35081, 40999,
27080, 35082, 35092, 35092, 35082, 40999,
27084, 35101, 33713, 33713, 35101, 40956,
27104, 35112, 35113, 35113, 35112, 40916,
27108, 34678, 33029, 33029, 34678, 40917,
27112, 33020, 35112, 35112, 33020, 40916,
27132, 35137, 34689, 34689, 35137, 40991,
27140, 35147, 35137, 35137, 35147, 40991,
27168, 35158, 34677, 34677, 35158, 40917,
27172, 34666, 33987, 33987, 34666, 40967,
27176, 33978, 35158, 35158, 33978, 40917,
27200, 35182, 34653, 34653, 35182, 40990,
27212, 35191, 34621, 34621, 35191, 40988,
27220, 34548, 35200, 35200, 34548, 40930,
27224, 35209, 35191, 35191, 35209, 40988,
27244, 35219, 34665, 34665, 35219, 40967,
27252, 34622, 35228, 35228, 34622, 40988,
27256, 35237, 35219, 35219, 35237, 40967,
27280, 35248, 34609, 34609, 35248, 40987,
27296, 35258, 34519, 34519, 35258, 40985,
27300, 35267, 35258, 35258, 35267, 40985,
27308, 35277, 35278, 35278, 35277, 40987,
27320, 35278, 35288, 35288, 35278, 40987,
27324, 35297, 35298, 35298, 35297, 40990,
27336, 35298, 35308, 35308, 35298, 40990,
27340, 35317, 35318, 35318, 35317, 40991,
27356, 35113, 33257, 33257, 35113, 40916,
27376, 35338, 33296, 33296, 35338, 40931,
27380, 34864, 34837, 34837, 34864, 40996,
27384, 34845, 35267, 35267, 34845, 40985,
27404, 34486, 34773, 34773, 34486, 40982,
27408, 34764, 34783, 34783, 34764, 40995,
27412, 33009, 32985, 32985, 33009, 40914,
27424, 33286, 32997, 32997, 33286, 40915,
27428, 33236, 33223, 33223, 33236, 40928,
27444, 35308, 35182, 35182, 35308, 40990,
27456, 34690, 35317, 35317, 34690, 40991,
27468, 33690, 34999, 34999, 33690, 40954,
27472, 34990, 34979, 34979, 34990, 40998,
27476, 33264, 33040, 33040, 33264, 40918,
27504, 35318, 35147, 35147, 35318, 40991,
27508, 35200, 33275, 33275, 35200, 40930,
27512, 33297, 35338, 35338, 33297, 40931,
27520, 35454, 35209, 35209, 35454, 40988,
27524, 35288, 35248, 35248, 35288, 40987,
27536, 34654, 35297, 35297, 34654, 40990,
27548, 33714, 35101, 35101, 33714, 40956,
27552, 35092, 35081, 35081, 35092, 40999,
27564, 33666, 34945, 34945, 33666, 40952,
27568, 34936, 34925, 34925, 34936, 40997,
27584, 34610, 35277, 35277, 34610, 40987,
27588, 35513, 35514, 35514, 35513, 41000,
27612, 35527, 35528, 35528, 35527, 41001,
27616, 35536, 33824, 33824, 35536, 40962,
27624, 35545, 35546, 35546, 35545, 41002,
27628, 35555, 35556, 35556, 35555, 40922,
27644, 35569, 35570, 35570, 35569, 41003,
27648, 35578, 35545, 35545, 35578, 41002,
27652, 35587, 33095, 33095, 35587, 40921,
27664, 33108, 35595, 35595, 33108, 40922,
27680, 35556, 33107, 33107, 35556, 40922,
27696, 35614, 35615, 35615, 35614, 41003,
27704, 35627, 35628, 35628, 35627, 41002,
27712, 35638, 33085, 33085, 35638, 40920,
27716, 35595, 35555, 35555, 35595, 40922,
27720, 35546, 35627, 35627, 35546, 41002,
27728, 33096, 35587, 35587, 33096, 40921,
27740, 33825, 35536, 35536, 33825, 40962,
27744, 35528, 35673, 35673, 35528, 41001,
27756, 35683, 35638, 35638, 35683, 40920,
27764, 35693, 35694, 35694, 35693, 40964,
27780, 35705, 35569, 35569, 35705, 41003,
27804, 35715, 35716, 35716, 35715, 40974,
27816, 35716, 34139, 34139, 35716, 40974,
27828, 35673, 35527, 35527, 35673, 41001,
27844, 35743, 35744, 35744, 35743, 41004,
27864, 34140, 35754, 35754, 34140, 40974,
27868, 35763, 35743, 35743, 35763, 41004,
27884, 35773, 35774, 35774, 35773, 41005,
27896, 35774, 35784, 35784, 35774, 41005,
27900, 35793, 35794, 35794, 35793, 40966,
27916, 33836, 33857, 33857, 33836, 40963,
27932, 35694, 33846, 33846, 35694, 40964,
27952, 33178, 35821, 35821, 33178, 40925,
27960, 35821, 33143, 33143, 35821, 40925,
27968, 33518, 33623, 33623, 33518, 40945,
27972, 35847, 35848, 35848, 35847, 40981,
27992, 33654, 35858, 35858, 33654, 40951,
27996, 35867, 33119, 33119, 35867, 40923,
28008, 35877, 33603, 33603, 35877, 40950,
28024, 33604, 35877, 35877, 33604, 40950,
28048, 35896, 34032, 34032, 35896, 40970,
28064, 35906, 34010, 34010, 35906, 40969,
28068, 33642, 35867, 35867, 33642, 40923,
28072, 35858, 33653, 33653, 35858, 40951,
28096, 34398, 35847, 35847, 34398, 40981,
28100, 33428, 35936, 35936, 33428, 40940,
28120, 35615, 35705, 35705, 35615, 41003,
28132, 34129, 35954, 35954, 34129, 40973,
28152, 34874, 33875, 33875, 34874, 40929,
28168, 35973, 35974, 35974, 35973, 40948,
28180, 34033, 35896, 35896, 34033, 40970,
28192, 33052, 34021, 34021, 33052, 40919,
28204, 35974, 35998, 35998, 35974, 40948,
28220, 33530, 36008, 36008, 33530, 40946,
28232, 36008, 36020, 36020, 36008, 40946,
28240, 34000, 36029, 36029, 34000, 40968,
28244, 36039, 33999, 33999, 36039, 40968,
28248, 34011, 35906, 35906, 34011, 40969,
28272, 33552, 35973, 35973, 33552, 40948,
28276, 35998, 33551, 33551, 35998, 40948,
28280, 33563, 33583, 33583, 33563, 40949,
28292, 33541, 33573, 33573, 33541, 40947,
28304, 36084, 33529, 33529, 36084, 40946,
28308, 36020, 36084, 36084, 36020, 40946,
28324, 35848, 34387, 34387, 35848, 40981,
28328, 34378, 36106, 36106, 34378, 40980,
28348, 36106, 34377, 34377, 36106, 40980,
28356, 34367, 33155, 33155, 34367, 40926,
28376, 33321, 34420, 34420, 33321, 40933,
28392, 33203, 33189, 33189, 33203, 40927,
28412, 33144, 33177, 33177, 33144, 40925,
28428, 36029, 36156, 36156, 36029, 40968,
28440, 36156, 36039, 36039, 36156, 40968,
28460, 34022, 33063, 33063, 34022, 40919,
28472, 33864, 35693, 35693, 33864, 40964,
28496, 35936, 36191, 36191, 35936, 40940,
28512, 36202, 34151, 34151, 36202, 40975,
28516, 33401, 34297, 34297, 33401, 40939,
28532, 33904, 34312, 34312, 33904, 40965,
28548, 34230, 34241, 34241, 34230, 40979,
28572, 35744, 35763, 35763, 35744, 41004,
28576, 35754, 35715, 35715, 35754, 40974,
28580, 34475, 33790, 33790, 34475, 40961,
28608, 33958, 32963, 32963, 33958, 40913,
28624, 34740, 36265, 36265, 34740, 40971,
28632, 33378, 33781, 33781, 33378, 40937,
28636, 33791, 36280, 36280, 33791, 40961,
28656, 32942, 32865, 32865, 32942, 40908,
28660, 36299, 33938, 33938, 36299, 40966,
28680, 35954, 34321, 34321, 35954, 40973,
28696, 33927, 36316, 36316, 33927, 40944,
28708, 36327, 33427, 33427, 36327, 40940,
28736, 33496, 33926, 33926, 33496, 40944,
28744, 36345, 34163, 34163, 36345, 40976,
28768, 36356, 34751, 34751, 36356, 40994,
28784, 32888, 34579, 34579, 32888, 40909,
28792, 33800, 32899, 32899, 33800, 40910,
28804, 36316, 33495, 33495, 36316, 40944,
28828, 33988, 35237, 35237, 33988, 40967,
28832, 35228, 35454, 35454, 35228, 40988,
28848, 36265, 34175, 34175, 36265, 40971,
28860, 36411, 36412, 36412, 36411, 40976,
28872, 35794, 36299, 36299, 35794, 40966,
28880, 33440, 34463, 34463, 33440, 40938,
28884, 35784, 35773, 35773, 35784, 41005,
28896, 33939, 35793, 35793, 33939, 40966,
28900, 36453, 36454, 36454, 36453, 41000,
28916, 36465, 35513, 35513, 36465, 41000,
28944, 33133, 33167, 33167, 33133, 40924,
28960, 33074, 35683, 35683, 33074, 40920,
28964, 36454, 36465, 36465, 36454, 41000,
28992, 33812, 33365, 33365, 33812, 40936,
28996, 33366, 33969, 33969, 33366, 40936,
29016, 36191, 36327, 36327, 36191, 40940,
29032, 36412, 36345, 36345, 36412, 40976,
29044, 34164, 36411, 36411, 34164, 40976,
29068, 34752, 36356, 36356, 34752, 40994,
29080, 35514, 36453, 36453, 35514, 41000,
29100, 35628, 35578, 35578, 35628, 41002,
29104, 35570, 35614, 35614, 35570, 41003,
29116, 36280, 34474, 34474, 36280, 40961,
29124, 34152, 36202, 36202, 34152, 40975,
