66044, 78457, 78458, 78458, 78457, 90866,
66060, 78469, 78470, 78470, 78469, 90867,
66076, 78481, 78482, 78482, 78481, 90868,
66092, 78493, 78494, 78494, 78493, 90869,
66108, 78505, 78506, 78506, 78505, 90870,
66124, 78517, 78518, 78518, 78517, 90871,
66140, 78529, 78530, 78530, 78529, 90872,
66156, 78541, 78542, 78542, 78541, 90872,
66172, 78553, 78554, 78554, 78553, 90873,
66188, 78565, 78566, 78566, 78565, 90874,
66204, 78577, 78578, 78578, 78577, 90874,
66220, 78589, 78590, 78590, 78589, 90870,
66236, 78601, 78602, 78602, 78601, 90875,
66252, 78613, 78614, 78614, 78613, 90876,
66268, 78625, 78589, 78589, 78625, 90870,
66284, 78590, 78505, 78505, 78590, 90870,
66300, 78643, 78644, 78644, 78643, 90877,
66316, 78655, 78656, 78656, 78655, 90878,
66332, 78667, 78668, 78668, 78667, 90879,
66348, 78679, 78680, 78680, 78679, 90877,
66364, 78542, 78529, 78529, 78542, 90872,
66380, 78699, 78700, 78700, 78699, 90880,
66396, 78711, 78712, 78712, 78711, 90881,
66412, 78723, 78724, 78724, 78723, 90882,
66428, 78735, 78736, 78736, 78735, 90883,
66444, 78747, 78748, 78748, 78747, 90884,
66460, 78759, 78760, 78760, 78759, 90885,
66476, 78771, 78517, 78517, 78771, 90871,
66492, 78781, 78541, 78541, 78781, 90872,
66508, 78791, 78792, 78792, 78791, 90883,
66524, 78803, 78553, 78553, 78803, 90873,
66540, 78736, 78812, 78812, 78736, 90883,
66556, 78823, 78824, 78824, 78823, 90886,
66572, 78835, 78679, 78679, 78835, 90877,
66588, 78845, 78846, 78846, 78845, 90887,
66604, 78470, 78856, 78856, 78470, 90867,
66620, 78867, 78868, 78868, 78867, 90888,
66636, 78700, 78878, 78878, 78700, 90880,
66652, 78889, 78890, 78890, 78889, 90889,
66668, 78901, 78902, 78902, 78901, 90867,
66684, 78913, 78914, 78914, 78913, 90890,
66700, 78925, 78926, 78926, 78925, 90891,
66716, 78937, 78938, 78938, 78937, 90892,
66732, 78949, 78950, 78950, 78949, 90893,
66748, 78961, 78962, 78962, 78961, 90894,
66764, 78973, 78457, 78457, 78973, 90866,
66780, 78554, 78982, 78982, 78554, 90873,
66796, 78993, 78994, 78994, 78993, 90895,
66812, 79005, 79006, 79006, 79005, 90896,
66828, 79017, 79018, 79018, 79017, 90897,
66844, 79018, 79028, 79028, 79018, 90897,
66860, 79039, 79040, 79040, 79039, 90898,
66876, 79051, 79052, 79052, 79051, 90899,
66892, 79063, 79064, 79064, 79063, 90900,
66908, 79075, 79076, 79076, 79075, 90901,
66924, 79087, 79088, 79088, 79087, 90902,
66940, 79088, 79098, 79098, 79088, 90902,
66956, 79109, 79110, 79110, 79109, 90903,
66972, 79121, 79122, 79122, 79121, 90904,
66988, 79133, 79121, 79121, 79133, 90904,
67004, 79143, 79144, 79144, 79143, 90905,
67020, 79155, 79156, 79156, 79155, 90906,
67036, 79167, 79168, 79168, 79167, 90907,
67052, 79179, 79180, 79180, 79179, 90907,
67068, 79191, 79192, 79192, 79191, 90908,
67084, 79203, 79017, 79017, 79203, 90897,
67100, 79028, 79212, 79212, 79028, 90897,
67116, 79122, 79222, 79222, 79122, 90904,
67132, 79222, 79232, 79232, 79222, 90904,
67148, 79168, 79242, 79242, 79168, 90907,
67164, 79253, 79254, 79254, 79253, 90896,
67180, 79265, 79266, 79266, 79265, 90909,
67196, 79242, 79179, 79179, 79242, 90907,
67212, 79285, 79286, 79286, 79285, 90910,
67228, 78824, 79296, 79296, 78824, 90886,
67244, 79307, 79308, 79308, 79307, 90868,
67260, 78982, 79318, 79318, 78982, 90873,
67276, 79329, 79330, 79330, 79329, 90903,
67292, 79341, 79342, 79342, 79341, 90911,
67308, 79353, 79354, 79354, 79353, 90912,
67324, 79365, 79191, 79191, 79365, 90908,
67340, 79375, 79265, 79265, 79375, 90909,
67356, 79385, 79386, 79386, 79385, 90913,
67372, 79397, 79385, 79385, 79397, 90913,
67388, 79407, 79353, 79353, 79407, 90912,
67404, 79342, 79416, 79416, 79342, 90911,
67420, 79110, 79329, 79329, 79110, 90903,
67436, 79435, 79436, 79436, 79435, 90914,
67452, 79447, 79448, 79448, 79447, 90898,
67468, 79448, 79458, 79458, 79448, 90898,
67484, 79469, 79470, 79470, 79469, 90895,
67500, 79481, 79482, 79482, 79481, 90915,
67516, 78680, 78643, 78643, 78680, 90877,
67532, 78656, 79500, 79500, 78656, 90878,
67548, 79500, 78655, 78655, 79500, 90878,
67564, 79519, 78925, 78925, 79519, 90891,
67580, 78914, 79528, 79528, 78914, 90890,
67596, 78926, 79519, 79519, 78926, 90891,
67612, 79547, 79548, 79548, 79547, 90916,
67628, 79559, 79560, 79560, 79559, 90890,
67644, 79560, 78913, 78913, 79560, 90890,
67660, 79579, 79307, 79307, 79579, 90868,
67676, 79470, 78993, 78993, 79470, 90895,
67692, 79597, 78601, 78601, 79597, 90875,
67708, 79548, 79606, 79606, 79548, 90916,
67724, 79617, 79618, 79618, 79617, 90917,
67740, 79629, 79630, 79630, 79629, 90918,
67756, 79641, 79642, 79642, 79641, 90869,
67772, 79653, 79654, 79654, 79653, 90919,
67788, 79665, 79597, 79597, 79665, 90875,
67804, 78494, 79641, 79641, 78494, 90869,
67820, 79308, 78481, 78481, 79308, 90868,
67836, 79691, 79692, 79692, 79691, 90919,
67852, 79654, 79702, 79702, 79654, 90919,
67868, 79713, 79629, 79629, 79713, 90918,
67884, 79723, 78493, 78493, 79723, 90869,
67900, 78482, 79579, 79579, 78482, 90868,
67916, 79692, 79653, 79653, 79692, 90919,
67932, 79642, 79723, 79723, 79642, 90869,
67948, 79757, 79617, 79617, 79757, 90917,
67964, 79606, 79547, 79547, 79606, 90916,
67980, 78506, 78625, 78625, 78506, 90870,
67996, 79783, 79784, 79784, 79783, 90920,
68012, 79795, 79796, 79796, 79795, 90921,
68028, 79807, 79808, 79808, 79807, 90922,
68044, 79819, 79820, 79820, 79819, 90923,
68060, 79831, 79832, 79832, 79831, 90924,
68076, 79843, 79844, 79844, 79843, 90925,
68092, 79855, 79856, 79856, 79855, 90920,
68108, 79867, 78711, 78711, 79867, 90881,
68124, 79877, 79878, 79878, 79877, 90926,
68140, 79889, 79890, 79890, 79889, 90927,
68156, 79901, 79902, 79902, 79901, 90928,
68172, 79913, 79914, 79914, 79913, 90929,
68188, 79925, 79926, 79926, 79925, 90930,
68204, 79937, 79938, 79938, 79937, 90931,
68220, 79949, 79950, 79950, 79949, 90928,
68236, 79961, 79962, 79962, 79961, 90925,
68252, 79973, 79974, 79974, 79973, 90932,
68268, 79985, 79986, 79986, 79985, 90933,
68284, 79997, 79998, 79998, 79997, 90934,
68300, 80009, 80010, 80010, 80009, 90935,
68316, 80021, 80022, 80022, 80021, 90936,
68332, 80033, 80034, 80034, 80033, 90937,
68348, 80045, 80046, 80046, 80045, 90938,
68364, 80057, 79877, 79877, 80057, 90926,
68380, 80067, 80068, 80068, 80067, 90939,
68396, 79902, 79949, 79949, 79902, 90928,
68412, 79962, 80086, 80086, 79962, 90925,
68428, 80086, 79843, 79843, 80086, 90925,
68444, 79856, 80104, 80104, 79856, 90920,
68460, 80104, 79783, 79783, 80104, 90920,
68476, 80123, 80033, 80033, 80123, 90937,
68492, 80133, 80123, 80123, 80133, 90937,
68508, 80143, 79855, 79855, 80143, 90920,
68524, 80153, 78723, 78723, 80153, 90882,
68540, 78712, 80162, 80162, 78712, 90881,
68556, 80173, 80153, 80153, 80173, 90882,
68572, 80183, 79867, 79867, 80183, 90881,
68588, 79890, 80192, 80192, 79890, 90927,
68604, 80203, 80183, 80183, 80203, 90881,
68620, 80213, 79961, 79961, 80213, 90925,
68636, 80223, 80224, 80224, 80223, 90940,
68652, 80235, 80236, 80236, 80235, 90882,
68668, 80247, 80223, 80223, 80247, 90940,
68684, 80257, 79901, 79901, 80257, 90928,
68700, 80267, 80257, 80257, 80267, 90928,
68716, 80277, 80278, 80278, 80277, 90939,
68732, 80289, 80290, 80290, 80289, 90940,
68748, 80068, 80277, 80277, 80068, 90939,
68764, 80309, 79831, 79831, 80309, 90924,
68780, 79820, 80318, 80318, 79820, 90923,
68796, 80318, 79819, 79819, 80318, 90923,
68812, 80337, 80338, 80338, 80337, 90941,
68828, 80349, 80350, 80350, 80349, 90942,
68844, 80350, 80360, 80360, 80350, 90942,
68860, 80371, 80372, 80372, 80371, 90943,
68876, 80383, 80384, 80384, 80383, 90944,
68892, 80395, 80396, 80396, 80395, 90945,
68908, 80396, 80406, 80406, 80396, 90945,
68924, 80417, 80418, 80418, 80417, 90946,
68940, 80429, 80371, 80371, 80429, 90943,
68956, 80439, 79937, 79937, 80439, 90931,
68972, 79926, 80448, 80448, 79926, 90930,
68988, 80448, 79925, 79925, 80448, 90930,
69004, 80467, 80468, 80468, 80467, 90947,
69020, 80479, 80480, 80480, 80479, 90948,
69036, 80480, 80490, 80490, 80480, 90948,
69052, 80501, 79807, 79807, 80501, 90922,
69068, 79796, 80510, 80510, 79796, 90921,
69084, 80510, 79795, 79795, 80510, 90921,
69100, 80529, 80530, 80530, 80529, 90949,
69116, 80541, 80542, 80542, 80541, 90950,
69132, 80542, 80552, 80552, 80542, 90950,
69148, 80563, 80564, 80564, 80563, 90934,
69164, 80575, 80576, 80576, 80575, 90910,
69180, 79286, 80586, 80586, 79286, 90910,
69196, 80046, 80596, 80596, 80046, 90938,
69212, 80596, 80606, 80606, 80596, 90938,
69228, 80034, 80616, 80616, 80034, 90937,
69244, 80627, 80045, 80045, 80627, 90938,
69260, 80606, 80627, 80627, 80606, 90938,
69276, 80645, 80646, 80646, 80645, 90933,
69292, 80657, 80658, 80658, 80657, 90951,
69308, 80669, 80670, 80670, 80669, 90952,
69324, 80681, 80657, 80657, 80681, 90951,
69340, 80691, 80009, 80009, 80691, 90935,
69356, 80701, 80021, 80021, 80701, 90936,
69372, 80010, 80691, 80691, 80010, 90935,
69388, 78518, 78771, 78771, 78518, 90871,
69404, 78878, 80726, 80726, 78878, 90880,
69420, 80552, 80541, 80541, 80552, 90950,
69436, 80530, 80744, 80744, 80530, 90949,
69452, 80490, 80479, 80479, 80490, 90948,
69468, 80468, 80762, 80762, 80468, 90947,
69484, 79950, 80267, 80267, 79950, 90928,
69500, 80290, 80247, 80247, 80290, 90940,
69516, 80236, 80173, 80173, 80236, 90882,
69532, 79844, 80213, 80213, 79844, 90925,
69548, 80360, 80349, 80349, 80360, 90942,
69564, 80338, 80812, 80812, 80338, 90941,
69580, 80162, 80203, 80203, 80162, 90881,
69596, 79784, 80143, 80143, 79784, 90920,
69612, 80406, 80395, 80395, 80406, 90945,
69628, 80384, 80846, 80846, 80384, 90944,
69644, 80857, 78759, 78759, 80857, 90885,
69660, 80867, 80563, 80563, 80867, 90934,
69676, 80877, 80669, 80669, 80877, 90952,
69692, 80192, 80886, 80886, 80192, 90927,
69708, 80886, 80896, 80896, 80886, 90927,
69724, 80907, 80645, 80645, 80907, 90933,
69740, 80616, 80133, 80133, 80616, 90937,
69756, 80658, 80681, 80681, 80658, 90951,
69772, 80670, 80877, 80877, 80670, 90952,
69788, 80022, 80701, 80701, 80022, 90936,
69804, 78902, 78469, 78469, 78902, 90867,
69820, 80957, 78667, 78667, 80957, 90879,
69836, 80967, 80968, 80968, 80967, 90953,
69852, 80979, 80980, 80980, 80979, 90954,
69868, 80968, 80990, 80990, 80968, 90953,
69884, 81001, 81002, 81002, 81001, 90955,
69900, 81013, 79063, 79063, 81013, 90900,
69916, 81023, 80979, 80979, 81023, 90954,
69932, 79330, 81032, 81032, 79330, 90903,
69948, 81032, 79109, 79109, 81032, 90903,
69964, 79098, 79087, 79087, 79098, 90902,
69980, 79076, 81058, 81058, 79076, 90901,
69996, 81069, 81070, 81070, 81069, 90956,
70012, 81081, 81082, 81082, 81081, 90957,
70028, 81093, 81069, 81069, 81093, 90956,
70044, 81103, 81104, 81104, 81103, 90886,
70060, 81104, 78823, 78823, 81104, 90886,
70076, 81123, 78949, 78949, 81123, 90893,
70092, 81133, 81134, 81134, 81133, 90879,
70108, 81145, 78961, 78961, 81145, 90894,
70124, 81070, 81154, 81154, 81070, 90956,
70140, 81165, 81081, 81081, 81165, 90957,
70156, 81175, 81176, 81176, 81175, 90958,
70172, 81187, 81175, 81175, 81187, 90958,
70188, 81197, 81198, 81198, 81197, 90959,
70204, 81209, 78937, 78937, 81209, 90892,
70220, 78938, 81209, 81209, 78938, 90892,
70236, 81227, 81093, 81093, 81227, 90956,
70252, 81198, 81236, 81236, 81198, 90959,
70268, 81176, 81187, 81187, 81176, 90958,
70284, 81082, 81165, 81165, 81082, 90957,
70300, 81263, 78699, 78699, 81263, 90880,
70316, 78530, 78781, 78781, 78530, 90872,
70332, 78458, 78973, 78973, 78458, 90866,
70348, 79528, 79559, 79559, 79528, 90890,
70364, 79296, 81103, 81103, 79296, 90886,
70380, 81305, 81123, 81123, 81305, 90893,
70396, 81236, 81197, 81197, 81236, 90959,
70412, 81323, 81305, 81305, 81323, 90893,
70428, 81333, 81334, 81334, 81333, 90960,
70444, 81345, 81346, 81346, 81345, 90961,
70460, 81334, 81356, 81356, 81334, 90960,
70476, 81367, 81345, 81345, 81367, 90961,
70492, 81377, 81378, 81378, 81377, 90962,
70508, 80726, 81263, 81263, 80726, 90880,
70524, 79266, 79375, 79375, 79266, 90909,
70540, 79006, 79253, 79253, 79006, 90896,
70556, 79192, 79365, 79365, 79192, 90908,
70572, 79212, 79203, 79203, 79212, 90897,
70588, 78724, 80235, 80235, 78724, 90882,
70604, 80224, 81436, 81436, 80224, 90940,
70620, 81447, 78565, 78565, 81447, 90874,
70636, 78890, 81456, 81456, 78890, 90889,
70652, 81456, 81466, 81466, 81456, 90889,
70668, 78644, 78835, 78835, 78644, 90877,
70684, 78812, 78791, 78791, 78812, 90883,
70700, 81356, 81492, 81492, 81356, 90960,
70716, 78950, 81323, 81323, 78950, 90893,
70732, 81492, 81510, 81510, 81492, 90960,
70748, 81521, 81522, 81522, 81521, 90963,
70764, 80576, 79285, 79285, 80576, 90910,
70780, 78994, 81540, 81540, 78994, 90895,
70796, 81551, 79481, 79481, 81551, 90915,
70812, 81540, 79469, 79469, 81540, 90895,
70828, 79482, 81551, 81551, 79482, 90915,
70844, 79618, 79757, 79757, 79618, 90917,
70860, 78578, 81447, 81447, 78578, 90874,
70876, 78748, 81592, 81592, 78748, 90884,
70892, 78856, 78901, 78901, 78856, 90867,
70908, 81611, 78867, 78867, 81611, 90888,
70924, 81621, 80417, 80417, 81621, 90946,
70940, 80372, 80429, 80429, 80372, 90943,
70956, 80418, 81621, 81621, 80418, 90946,
70972, 80846, 80383, 80383, 80846, 90944,
70988, 80812, 80337, 80337, 80812, 90941,
71004, 79832, 80309, 80309, 79832, 90924,
71020, 80762, 80467, 80467, 80762, 90947,
71036, 79938, 80439, 80439, 79938, 90931,
71052, 80744, 80529, 80529, 80744, 90949,
71068, 79808, 80501, 80501, 79808, 90922,
71084, 79416, 79341, 79341, 79416, 90911,
71100, 79354, 81710, 81710, 79354, 90912,
71116, 81710, 81720, 81720, 81710, 90912,
71132, 81731, 79435, 79435, 81731, 90914,
71148, 81741, 81731, 81731, 81741, 90914,
71164, 79386, 79397, 79397, 79386, 90913,
71180, 81759, 81760, 81760, 81759, 90899,
71196, 81771, 79155, 79155, 81771, 90906,
71212, 81781, 79143, 79143, 81781, 90905,
71228, 79156, 81771, 81771, 79156, 90906,
71244, 79180, 79167, 79167, 79180, 90907,
71260, 79144, 81781, 81781, 79144, 90905,
71276, 79232, 79133, 79133, 79232, 90904,
71292, 79436, 81822, 81822, 79436, 90914,
71308, 81822, 81741, 81741, 81822, 90914,
71324, 78792, 78735, 78735, 78792, 90883,
71340, 81849, 81377, 81377, 81849, 90962,
71356, 81378, 81849, 81849, 81378, 90962,
71372, 81346, 81367, 81367, 81346, 90961,
71388, 81154, 81227, 81227, 81154, 90956,
71404, 78668, 81133, 81133, 78668, 90879,
71420, 79318, 78803, 78803, 79318, 90873,
71436, 81522, 81898, 81898, 81522, 90963,
71452, 81909, 81910, 81910, 81909, 90884,
71468, 78962, 81145, 81145, 78962, 90894,
71484, 81134, 80957, 80957, 81134, 90879,
71500, 78868, 81611, 81611, 78868, 90888,
71516, 78566, 78577, 78577, 78566, 90874,
71532, 81953, 81001, 81001, 81953, 90955,
71548, 80980, 81023, 81023, 80980, 90954,
71564, 80990, 80967, 80967, 80990, 90953,
71580, 79064, 81013, 81013, 79064, 90900,
71596, 81002, 81953, 81953, 81002, 90955,
71612, 79878, 80057, 80057, 79878, 90926,
71628, 79986, 80907, 80907, 79986, 90933,
71644, 80896, 79889, 79889, 80896, 90927,
71660, 79914, 82018, 82018, 79914, 90929,
71676, 82029, 80067, 80067, 82029, 90939,
71692, 80586, 80575, 80575, 80586, 90910,
71708, 79974, 82046, 82046, 79974, 90932,
71724, 82046, 79973, 79973, 82046, 90932,
71740, 82065, 81759, 81759, 82065, 90899,
71756, 79052, 82065, 82065, 79052, 90899,
71772, 81760, 79051, 79051, 81760, 90899,
71788, 79458, 79039, 79039, 79458, 90898,
71804, 82099, 78613, 78613, 82099, 90876,
71820, 81058, 79075, 79075, 81058, 90901,
71836, 79040, 79447, 79447, 79040, 90898,
71852, 78614, 82099, 82099, 78614, 90876,
71868, 81720, 79407, 79407, 81720, 90912,
71884, 79702, 79691, 79691, 79702, 90919,
71900, 79630, 79713, 79713, 79630, 90918,
71916, 82157, 79665, 79665, 82157, 90875,
71932, 78602, 82157, 82157, 78602, 90875,
71948, 82175, 79005, 79005, 82175, 90896,
71964, 79254, 82175, 82175, 79254, 90896,
71980, 82018, 79913, 79913, 82018, 90929,
71996, 81436, 80289, 80289, 81436, 90940,
72012, 80278, 82029, 82029, 80278, 90939,
72028, 79998, 80867, 80867, 79998, 90934,
72044, 80646, 79985, 79985, 80646, 90933,
72060, 80564, 79997, 79997, 80564, 90934,
72076, 81466, 82240, 82240, 81466, 90889,
72092, 82240, 78889, 78889, 82240, 90889,
72108, 82259, 80857, 80857, 82259, 90885,
72124, 78846, 82268, 82268, 78846, 90887,
72140, 81898, 81521, 81521, 81898, 90963,
72156, 81510, 81333, 81333, 81510, 90960,
72172, 81592, 81909, 81909, 81592, 90884,
72188, 81910, 78747, 78747, 81910, 90884,
72204, 78760, 82310, 82310, 78760, 90885,
72220, 82310, 82259, 82259, 82310, 90885,
72236, 82268, 78845, 78845, 82268, 90887,
72252, 82337, 82338, 82338, 82337, 90964,
72268, 82349, 82350, 82350, 82349, 90965,
72284, 82350, 82360, 82360, 82350, 90965,
72300, 82371, 82372, 82372, 82371, 90966,
72316, 82383, 82384, 82384, 82383, 90966,
72332, 82395, 82396, 82396, 82395, 90967,
72348, 82407, 82408, 82408, 82407, 90968,
72364, 82338, 82418, 82418, 82338, 90964,
72380, 82429, 82349, 82349, 82429, 90965,
72396, 82439, 82440, 82440, 82439, 90969,
72412, 82440, 82450, 82450, 82440, 90969,
72428, 82461, 82462, 82462, 82461, 90970,
72444, 82473, 82474, 82474, 82473, 90971,
72460, 82485, 82486, 82486, 82485, 90970,
72476, 82497, 82498, 82498, 82497, 90972,
72492, 82509, 82510, 82510, 82509, 90973,
72508, 82521, 82522, 82522, 82521, 90974,
72524, 82533, 82534, 82534, 82533, 90975,
72540, 82545, 82533, 82533, 82545, 90975,
72556, 82555, 82556, 82556, 82555, 90976,
72572, 82567, 82555, 82555, 82567, 90976,
72588, 82577, 82578, 82578, 82577, 90977,
72604, 82589, 82590, 82590, 82589, 90978,
72620, 82601, 82602, 82602, 82601, 90979,
72636, 82613, 82614, 82614, 82613, 90980,
72652, 82625, 82626, 82626, 82625, 90981,
72668, 82637, 82638, 82638, 82637, 90982,
72684, 82649, 82613, 82613, 82649, 90980,
72700, 82659, 82660, 82660, 82659, 90981,
72716, 82671, 82672, 82672, 82671, 90983,
72732, 82683, 82684, 82684, 82683, 90983,
72748, 82695, 82683, 82683, 82695, 90983,
72764, 82705, 82706, 82706, 82705, 90984,
72780, 82706, 82716, 82716, 82706, 90984,
72796, 82727, 82728, 82728, 82727, 90985,
72812, 82739, 82497, 82497, 82739, 90972,
72828, 82522, 82748, 82748, 82522, 90974,
72844, 82759, 82760, 82760, 82759, 90986,
72860, 82771, 82772, 82772, 82771, 90971,
72876, 82783, 82784, 82784, 82783, 90987,
72892, 82795, 82796, 82796, 82795, 90988,
72908, 82807, 82808, 82808, 82807, 90989,
72924, 82819, 82820, 82820, 82819, 90990,
72940, 82831, 82832, 82832, 82831, 90991,
72956, 82843, 82795, 82795, 82843, 90988,
72972, 82853, 82854, 82854, 82853, 90992,
72988, 82865, 82866, 82866, 82865, 90993,
73004, 82877, 82878, 82878, 82877, 90994,
73020, 82889, 82890, 82890, 82889, 90995,
73036, 82372, 82383, 82383, 82372, 90966,
73052, 82408, 82908, 82908, 82408, 90968,
73068, 82919, 82920, 82920, 82919, 90996,
73084, 82931, 82932, 82932, 82931, 90994,
73100, 82943, 82944, 82944, 82943, 90997,
73116, 82955, 82956, 82956, 82955, 90998,
73132, 82967, 82968, 82968, 82967, 90999,
73148, 82979, 82967, 82967, 82979, 90999,
73164, 82989, 82990, 82990, 82989, 91000,
73180, 83001, 83002, 83002, 83001, 91001,
73196, 83002, 83012, 83012, 83002, 91001,
73212, 83023, 83024, 83024, 83023, 91002,
73228, 83035, 83036, 83036, 83035, 91003,
73244, 83047, 83048, 83048, 83047, 91004,
73260, 83059, 83060, 83060, 83059, 91005,
73276, 83071, 83035, 83035, 83071, 91003,
73292, 83081, 83059, 83059, 83081, 91005,
73308, 82672, 82695, 82695, 82672, 90983,
73324, 83099, 83100, 83100, 83099, 91006,
73340, 83111, 83001, 83001, 83111, 91001,
73356, 83121, 83111, 83111, 83121, 91001,
73372, 82602, 83130, 83130, 82602, 90979,
73388, 83130, 83140, 83140, 83130, 90979,
73404, 83151, 83152, 83152, 83151, 91007,
73420, 83163, 83164, 83164, 83163, 91008,
73436, 83175, 83176, 83176, 83175, 91009,
73452, 83187, 83188, 83188, 83187, 91010,
73468, 83199, 83200, 83200, 83199, 91011,
73484, 83211, 83212, 83212, 83211, 91012,
73500, 83223, 83224, 83224, 83223, 91013,
73516, 83235, 83236, 83236, 83235, 91014,
73532, 83247, 83248, 83248, 83247, 91015,
73548, 83259, 83260, 83260, 83259, 91016,
73564, 83271, 83247, 83247, 83271, 91015,
73580, 83281, 82865, 82865, 83281, 90993,
73596, 83291, 83292, 83292, 83291, 91017,
73612, 82384, 83302, 83302, 82384, 90966,
73628, 83313, 83314, 83314, 83313, 90992,
73644, 83325, 83326, 83326, 83325, 91018,
73660, 83337, 83338, 83338, 83337, 91019,
73676, 83349, 83350, 83350, 83349, 91020,
73692, 83361, 83337, 83337, 83361, 91019,
73708, 83350, 83370, 83370, 83350, 91020,
73724, 83381, 83382, 83382, 83381, 90985,
73740, 82908, 82407, 82407, 82908, 90968,
73756, 82396, 83400, 83400, 82396, 90967,
73772, 83411, 83412, 83412, 83411, 91021,
73788, 83400, 83422, 83422, 83400, 90967,
73804, 83433, 83434, 83434, 83433, 91000,
73820, 83445, 83446, 83446, 83445, 91022,
73836, 82450, 83456, 83456, 82450, 90969,
73852, 83456, 83466, 83466, 83456, 90969,
73868, 83477, 83313, 83313, 83477, 90992,
73884, 82510, 83486, 83486, 82510, 90973,
73900, 83497, 83498, 83498, 83497, 91023,
73916, 83509, 83510, 83510, 83509, 91024,
73932, 83521, 83522, 83522, 83521, 91025,
73948, 83533, 83534, 83534, 83533, 90975,
73964, 83545, 83546, 83546, 83545, 91026,
73980, 83557, 83558, 83558, 83557, 91027,
73996, 82968, 82979, 82979, 82968, 90999,
74012, 83577, 82955, 82955, 83577, 90998,
74028, 83422, 83586, 83586, 83422, 90967,
74044, 82956, 83577, 83577, 82956, 90998,
74060, 83586, 82395, 82395, 83586, 90967,
74076, 83613, 83411, 83411, 83613, 91021,
74092, 83623, 83624, 83624, 83623, 91028,
74108, 83635, 83613, 83613, 83635, 91021,
74124, 83645, 83646, 83646, 83645, 91029,
74140, 83657, 83658, 83658, 83657, 91030,
74156, 83669, 83670, 83670, 83669, 91031,
74172, 83681, 83682, 83682, 83681, 91032,
74188, 83693, 83557, 83557, 83693, 91027,
74204, 83703, 83704, 83704, 83703, 91033,
74220, 83715, 83716, 83716, 83715, 91034,
74236, 83624, 83726, 83726, 83624, 91028,
74252, 83737, 82943, 82943, 83737, 90997,
74268, 83747, 83748, 83748, 83747, 91035,
74284, 83759, 83747, 83747, 83759, 91035,
74300, 83726, 83623, 83623, 83726, 91028,
74316, 83777, 83715, 83715, 83777, 91034,
74332, 83716, 83777, 83777, 83716, 91034,
74348, 83795, 83703, 83703, 83795, 91033,
74364, 82944, 83804, 83804, 82944, 90997,
74380, 83815, 82889, 82889, 83815, 90995,
74396, 82878, 82931, 82931, 82878, 90994,
74412, 83833, 83635, 83635, 83833, 91021,
74428, 83843, 83844, 83844, 83843, 91029,
74444, 83844, 83645, 83645, 83844, 91029,
74460, 83863, 83737, 83737, 83863, 90997,
74476, 83704, 83795, 83795, 83704, 91033,
74492, 83804, 83863, 83863, 83804, 90997,
74508, 82638, 83888, 83888, 82638, 90982,
74524, 83899, 83900, 83900, 83899, 91036,
74540, 83911, 83912, 83912, 83911, 91037,
74556, 83912, 83922, 83922, 83912, 91037,
74572, 83933, 82831, 82831, 83933, 90991,
74588, 83943, 82807, 82807, 83943, 90989,
74604, 82796, 82843, 82843, 82796, 90988,
74620, 82820, 83960, 83960, 82820, 90990,
74636, 82832, 83933, 83933, 82832, 90991,
74652, 83960, 82819, 82819, 83960, 90990,
74668, 83987, 82877, 82877, 83987, 90994,
74684, 83997, 83998, 83998, 83997, 91017,
74700, 84009, 84010, 84010, 84009, 91038,
74716, 84021, 84022, 84022, 84021, 91039,
74732, 84033, 84034, 84034, 84033, 91040,
74748, 84045, 84046, 84046, 84045, 91041,
74764, 84057, 82771, 82771, 84057, 90971,
74780, 82760, 84066, 84066, 82760, 90986,
74796, 84066, 84076, 84076, 84066, 90986,
74812, 84087, 84021, 84021, 84087, 91039,
74828, 84097, 82485, 82485, 84097, 90970,
74844, 84107, 82429, 82429, 84107, 90965,
74860, 83236, 84116, 84116, 83236, 91014,
74876, 84127, 84128, 84128, 84127, 91042,
74892, 84139, 84140, 84140, 84139, 91043,
74908, 84151, 84152, 84152, 84151, 91044,
74924, 83224, 84162, 84162, 83224, 91013,
74940, 84173, 84174, 84174, 84173, 91045,
74956, 84185, 84186, 84186, 84185, 91046,
74972, 84197, 84198, 84198, 84197, 91023,
74988, 84209, 84210, 84210, 84209, 90973,
75004, 84221, 84222, 84222, 84221, 91047,
75020, 83200, 84232, 84232, 83200, 91011,
75036, 84243, 84244, 84244, 84243, 91048,
75052, 83176, 84254, 84254, 83176, 91009,
75068, 84265, 84266, 84266, 84265, 91049,
75084, 83558, 84276, 84276, 83558, 91027,
75100, 84287, 84288, 84288, 84287, 91050,
75116, 84299, 84300, 84300, 84299, 91051,
75132, 84311, 84009, 84009, 84311, 91038,
75148, 84321, 84299, 84299, 84321, 91051,
75164, 84331, 84033, 84033, 84331, 91040,
75180, 84022, 84087, 84087, 84022, 91039,
75196, 84034, 84331, 84331, 84034, 91040,
75212, 82474, 84057, 84057, 82474, 90971,
75228, 84365, 84366, 84366, 84365, 91052,
75244, 84377, 84365, 84365, 84377, 91052,
75260, 84046, 84386, 84386, 84046, 91041,
75276, 84366, 84396, 84396, 84366, 91052,
75292, 84396, 84406, 84406, 84396, 91052,
75308, 82728, 84416, 84416, 82728, 90985,
75324, 83382, 82727, 82727, 83382, 90985,
75340, 82462, 84097, 84097, 82462, 90970,
75356, 84266, 84442, 84442, 84266, 91049,
75372, 84442, 84265, 84265, 84442, 91049,
75388, 84254, 83175, 83175, 84254, 91009,
75404, 84469, 84470, 84470, 84469, 91053,
75420, 84470, 84480, 84480, 84470, 91053,
75436, 84491, 83163, 83163, 84491, 91008,
75452, 84244, 84500, 84500, 84244, 91048,
75468, 84500, 84243, 84243, 84500, 91048,
75484, 84232, 83199, 83199, 84232, 91011,
75500, 84527, 84528, 84528, 84527, 91054,
75516, 84528, 84538, 84538, 84528, 91054,
75532, 84549, 83187, 83187, 84549, 91010,
75548, 84559, 83259, 83259, 84559, 91016,
75564, 83248, 83271, 83271, 83248, 91015,
75580, 84128, 84576, 84576, 84128, 91042,
75596, 84576, 84127, 84127, 84576, 91042,
75612, 84116, 83235, 83235, 84116, 91014,
75628, 83260, 84559, 84559, 83260, 91016,
75644, 84174, 84610, 84610, 84174, 91045,
75660, 84610, 84173, 84173, 84610, 91045,
75676, 84162, 83223, 83223, 84162, 91013,
75692, 84637, 84638, 84638, 84637, 91055,
75708, 84638, 84648, 84648, 84638, 91055,
75724, 84659, 83211, 83211, 84659, 91012,
75740, 84669, 84670, 84670, 84669, 90972,
75756, 84210, 82509, 82509, 84210, 90973,
75772, 82498, 84669, 84669, 82498, 90972,
75788, 84697, 84221, 84221, 84697, 91047,
75804, 84707, 84697, 84697, 84707, 91047,
75820, 84717, 84209, 84209, 84717, 90973,
75836, 84198, 83497, 83497, 84198, 91023,
75852, 83486, 84717, 84717, 83486, 90973,
75868, 84743, 84185, 84185, 84743, 91046,
75884, 84753, 84151, 84151, 84753, 91044,
75900, 84076, 84762, 84762, 84076, 90986,
75916, 84773, 84753, 84753, 84773, 91044,
75932, 84783, 84197, 84197, 84783, 91023,
75948, 84152, 84792, 84792, 84152, 91044,
75964, 84803, 84783, 84783, 84803, 91023,
75980, 84813, 84139, 84139, 84813, 91043,
75996, 84823, 84045, 84045, 84823, 91041,
76012, 84833, 84823, 84823, 84833, 91041,
76028, 84843, 84844, 84844, 84843, 91043,
76044, 84844, 84854, 84854, 84844, 91043,
76060, 84865, 84866, 84866, 84865, 91046,
76076, 84866, 84876, 84876, 84866, 91046,
76092, 84887, 84888, 84888, 84887, 91047,
76108, 84670, 82739, 82739, 84670, 90972,
76124, 84907, 82783, 82783, 84907, 90987,
76140, 84406, 84377, 84377, 84406, 91052,
76156, 84386, 84833, 84833, 84386, 91041,
76172, 84010, 84311, 84311, 84010, 91038,
76188, 84300, 84321, 84321, 84300, 91051,
76204, 82486, 82461, 82461, 82486, 90970,
76220, 82772, 82473, 82473, 82772, 90971,
76236, 82716, 82705, 82705, 82716, 90984,
76252, 84876, 84743, 84743, 84876, 91046,
76268, 84222, 84887, 84887, 84222, 91047,
76284, 83188, 84549, 84549, 83188, 91010,
76300, 84538, 84527, 84527, 84538, 91054,
76316, 82748, 82521, 82521, 82748, 90974,
76332, 84888, 84707, 84707, 84888, 91047,
76348, 84762, 82759, 82759, 84762, 90986,
76364, 82784, 84907, 84907, 82784, 90987,
76380, 85037, 84773, 84773, 85037, 91044,
76396, 84854, 84813, 84813, 84854, 91043,
76412, 84186, 84865, 84865, 84186, 91046,
76428, 83212, 84659, 84659, 83212, 91012,
76444, 84648, 84637, 84637, 84648, 91055,
76460, 83164, 84491, 84491, 83164, 91008,
76476, 84480, 84469, 84469, 84480, 91053,
76492, 84140, 84843, 84843, 84140, 91043,
76508, 85103, 85104, 85104, 85103, 91056,
76524, 85115, 85116, 85116, 85115, 91057,
76540, 85127, 83325, 83325, 85127, 91018,
76556, 85137, 85138, 85138, 85137, 91058,
76572, 85149, 85150, 85150, 85149, 90978,
76588, 85161, 85162, 85162, 85161, 91059,
76604, 85173, 85137, 85137, 85173, 91058,
76620, 85183, 82577, 82577, 85183, 90977,
76636, 82590, 85192, 85192, 82590, 90978,
76652, 85150, 82589, 82589, 85150, 90978,
76668, 85211, 85212, 85212, 85211, 91059,
76684, 85223, 85224, 85224, 85223, 91058,
76700, 85235, 82567, 82567, 85235, 90976,
76716, 85192, 85149, 85149, 85192, 90978,
76732, 85138, 85223, 85223, 85138, 91058,
76748, 82578, 85183, 85183, 82578, 90977,
76764, 83326, 85127, 85127, 83326, 91018,
76780, 85116, 85276, 85276, 85116, 91057,
76796, 85287, 85235, 85235, 85287, 90976,
76812, 85297, 85298, 85298, 85297, 91020,
76828, 85309, 85161, 85161, 85309, 91059,
76844, 85319, 85320, 85320, 85319, 91030,
76860, 85320, 83657, 83657, 85320, 91030,
76876, 85276, 85115, 85115, 85276, 91057,
76892, 85347, 85348, 85348, 85347, 91060,
76908, 83658, 85358, 85358, 83658, 91030,
76924, 85369, 85347, 85347, 85369, 91060,
76940, 85379, 85380, 85380, 85379, 91061,
76956, 85380, 85390, 85390, 85380, 91061,
76972, 85401, 85402, 85402, 85401, 91022,
76988, 83338, 83361, 83361, 83338, 91019,
77004, 85298, 83349, 83349, 85298, 91020,
77020, 82660, 85428, 85428, 82660, 90981,
77036, 85428, 82625, 82625, 85428, 90981,
77052, 83012, 83121, 83121, 83012, 91001,
77068, 85455, 85456, 85456, 85455, 91037,
77084, 83152, 85466, 85466, 83152, 91007,
77100, 85477, 82601, 82601, 85477, 90979,
77116, 85487, 83099, 83099, 85487, 91006,
77132, 83100, 85487, 85487, 83100, 91006,
77148, 85505, 83545, 83545, 85505, 91026,
77164, 85515, 83521, 83521, 85515, 91025,
77180, 83140, 85477, 85477, 83140, 90979,
77196, 85466, 83151, 83151, 85466, 91007,
77212, 83922, 85455, 85455, 83922, 91037,
77228, 82920, 85548, 85548, 82920, 90996,
77244, 85212, 85309, 85309, 85212, 91059,
77260, 83646, 85566, 85566, 83646, 91029,
77276, 84416, 83381, 83381, 84416, 90985,
77292, 85585, 85586, 85586, 85585, 91004,
77308, 83546, 85505, 85505, 83546, 91026,
77324, 82534, 83533, 83533, 82534, 90975,
77340, 85586, 85612, 85612, 85586, 91004,
77356, 83024, 85622, 85622, 83024, 91002,
77372, 85622, 85632, 85632, 85622, 91002,
77388, 83510, 85642, 85642, 83510, 91024,
77404, 85653, 83509, 83509, 85653, 91024,
77420, 83522, 85515, 85515, 83522, 91025,
77436, 83048, 85585, 85585, 83048, 91004,
77452, 85612, 83047, 83047, 85612, 91004,
77468, 83060, 83081, 83081, 83060, 91005,
77484, 83036, 83071, 83071, 83036, 91003,
77500, 85703, 83023, 83023, 85703, 91002,
77516, 85632, 85703, 85703, 85632, 91002,
77532, 85456, 83911, 83911, 85456, 91037,
77548, 83900, 85728, 85728, 83900, 91036,
77564, 85728, 83899, 83899, 85728, 91036,
77580, 83888, 82637, 82637, 83888, 90982,
77596, 82808, 83943, 83943, 82808, 90989,
77612, 82684, 82671, 82671, 82684, 90983,
77628, 82626, 82659, 82659, 82626, 90981,
77644, 85642, 85778, 85778, 85642, 91024,
77660, 85778, 85653, 85653, 85778, 91024,
77676, 83534, 82545, 82545, 83534, 90975,
77692, 83370, 85297, 85297, 83370, 91020,
77708, 85548, 85812, 85812, 85548, 90996,
77724, 85823, 83669, 83669, 85823, 91031,
77740, 82890, 83815, 83815, 82890, 90995,
77756, 83412, 83833, 83833, 83412, 91021,
77772, 83748, 83759, 83759, 83748, 91035,
77788, 85348, 85369, 85369, 85348, 91060,
77804, 85358, 85319, 85319, 85358, 91030,
77820, 83998, 83291, 83291, 83998, 91017,
77836, 83466, 82439, 82439, 83466, 90969,
77852, 84276, 85888, 85888, 84276, 91027,
77868, 82866, 83281, 83281, 82866, 90993,
77884, 83292, 85906, 85906, 83292, 91017,
77900, 82418, 82337, 82337, 82418, 90964,
77916, 85925, 83445, 83445, 85925, 91022,
77932, 85566, 83843, 83843, 85566, 91029,
77948, 83434, 85942, 85942, 83434, 91000,
77964, 85953, 82919, 82919, 85953, 90996,
77980, 82990, 83433, 83433, 82990, 91000,
77996, 85971, 83681, 83681, 85971, 91032,
78012, 85981, 84287, 84287, 85981, 91050,
78028, 82360, 84107, 84107, 82360, 90965,
78044, 83302, 82371, 82371, 83302, 90966,
78060, 85942, 82989, 82989, 85942, 91000,
78076, 83498, 84803, 84803, 83498, 91023,
78092, 84792, 85037, 85037, 84792, 91044,
78108, 85888, 83693, 83693, 85888, 91027,
78124, 86039, 86040, 86040, 86039, 91032,
78140, 85402, 85925, 85925, 85402, 91022,
78156, 82932, 83987, 83987, 82932, 90994,
78172, 85390, 85379, 85379, 85390, 91061,
78188, 83446, 85401, 85401, 83446, 91022,
78204, 86083, 86084, 86084, 86083, 91056,
78220, 86095, 85103, 85103, 86095, 91056,
78236, 82614, 82649, 82649, 82614, 90980,
78252, 82556, 85287, 85287, 82556, 90976,
78268, 86084, 86095, 86095, 86084, 91056,
78284, 83314, 82853, 82853, 83314, 90992,
78300, 82854, 83477, 83477, 82854, 90992,
78316, 85812, 85953, 85953, 85812, 90996,
78332, 86040, 85971, 85971, 86040, 91032,
78348, 83682, 86039, 86039, 83682, 91032,
78364, 84288, 85981, 85981, 84288, 91050,
78380, 85104, 86083, 86083, 85104, 91056,
78396, 85224, 85173, 85173, 85224, 91058,
78412, 85162, 85211, 85211, 85162, 91059,
78428, 85906, 83997, 83997, 85906, 91017,
78444, 83670, 85823, 85823, 83670, 91031,
