116100, 128513, 128514, 128514, 128513, 140922,
116116, 128525, 128526, 128526, 128525, 140923,
116132, 128537, 128538, 128538, 128537, 140924,
116148, 128549, 128550, 128550, 128549, 140925,
116164, 128561, 128562, 128562, 128561, 140926,
116180, 128573, 128574, 128574, 128573, 140927,
116196, 128585, 128586, 128586, 128585, 140928,
116212, 128597, 128598, 128598, 128597, 140928,
116228, 128609, 128610, 128610, 128609, 140929,
116244, 128621, 128622, 128622, 128621, 140930,
116260, 128633, 128634, 128634, 128633, 140930,
116276, 128645, 128646, 128646, 128645, 140926,
116292, 128657, 128658, 128658, 128657, 140931,
116308, 128669, 128670, 128670, 128669, 140932,
116324, 128681, 128645, 128645, 128681, 140926,
116340, 128646, 128561, 128561, 128646, 140926,
116356, 128699, 128700, 128700, 128699, 140933,
116372, 128711, 128712, 128712, 128711, 140934,
116388, 128723, 128724, 128724, 128723, 140935,
116404, 128735, 128736, 128736, 128735, 140933,
116420, 128598, 128585, 128585, 128598, 140928,
116436, 128755, 128756, 128756, 128755, 140936,
116452, 128767, 128768, 128768, 128767, 140937,
116468, 128779, 128780, 128780, 128779, 140938,
116484, 128791, 128792, 128792, 128791, 140939,
116500, 128803, 128804, 128804, 128803, 140940,
116516, 128815, 128816, 128816, 128815, 140941,
116532, 128827, 128573, 128573, 128827, 140927,
116548, 128837, 128597, 128597, 128837, 140928,
116564, 128847, 128848, 128848, 128847, 140939,
116580, 128859, 128609, 128609, 128859, 140929,
116596, 128792, 128868, 128868, 128792, 140939,
116612, 128879, 128880, 128880, 128879, 140942,
116628, 128891, 128735, 128735, 128891, 140933,
116644, 128901, 128902, 128902, 128901, 140943,
116660, 128526, 128912, 128912, 128526, 140923,
116676, 128923, 128924, 128924, 128923, 140944,
116692, 128756, 128934, 128934, 128756, 140936,
116708, 128945, 128946, 128946, 128945, 140945,
116724, 128957, 128958, 128958, 128957, 140923,
116740, 128969, 128970, 128970, 128969, 140946,
116756, 128981, 128982, 128982, 128981, 140947,
116772, 128993, 128994, 128994, 128993, 140948,
116788, 129005, 129006, 129006, 129005, 140949,
116804, 129017, 129018, 129018, 129017, 140950,
116820, 129029, 128513, 128513, 129029, 140922,
116836, 128610, 129038, 129038, 128610, 140929,
116852, 129049, 129050, 129050, 129049, 140951,
116868, 129061, 129062, 129062, 129061, 140952,
116884, 129073, 129074, 129074, 129073, 140953,
116900, 129074, 129084, 129084, 129074, 140953,
116916, 129095, 129096, 129096, 129095, 140954,
116932, 129107, 129108, 129108, 129107, 140955,
116948, 129119, 129120, 129120, 129119, 140956,
116964, 129131, 129132, 129132, 129131, 140957,
116980, 129143, 129144, 129144, 129143, 140958,
116996, 129144, 129154, 129154, 129144, 140958,
117012, 129165, 129166, 129166, 129165, 140959,
117028, 129177, 129178, 129178, 129177, 140960,
117044, 129189, 129177, 129177, 129189, 140960,
117060, 129199, 129200, 129200, 129199, 140961,
117076, 129211, 129212, 129212, 129211, 140962,
117092, 129223, 129224, 129224, 129223, 140963,
117108, 129235, 129236, 129236, 129235, 140963,
117124, 129247, 129248, 129248, 129247, 140964,
117140, 129259, 129073, 129073, 129259, 140953,
117156, 129084, 129268, 129268, 129084, 140953,
117172, 129178, 129278, 129278, 129178, 140960,
117188, 129278, 129288, 129288, 129278, 140960,
117204, 129224, 129298, 129298, 129224, 140963,
117220, 129309, 129310, 129310, 129309, 140952,
117236, 129321, 129322, 129322, 129321, 140965,
117252, 129298, 129235, 129235, 129298, 140963,
117268, 129341, 129342, 129342, 129341, 140966,
117284, 128880, 129352, 129352, 128880, 140942,
117300, 129363, 129364, 129364, 129363, 140924,
117316, 129038, 129374, 129374, 129038, 140929,
117332, 129385, 129386, 129386, 129385, 140959,
117348, 129397, 129398, 129398, 129397, 140967,
117364, 129409, 129410, 129410, 129409, 140968,
117380, 129421, 129247, 129247, 129421, 140964,
117396, 129431, 129321, 129321, 129431, 140965,
117412, 129441, 129442, 129442, 129441, 140969,
117428, 129453, 129441, 129441, 129453, 140969,
117444, 129463, 129409, 129409, 129463, 140968,
117460, 129398, 129472, 129472, 129398, 140967,
117476, 129166, 129385, 129385, 129166, 140959,
117492, 129491, 129492, 129492, 129491, 140970,
117508, 129503, 129504, 129504, 129503, 140954,
117524, 129504, 129514, 129514, 129504, 140954,
117540, 129525, 129526, 129526, 129525, 140951,
117556, 129537, 129538, 129538, 129537, 140971,
117572, 128736, 128699, 128699, 128736, 140933,
117588, 128712, 129556, 129556, 128712, 140934,
117604, 129556, 128711, 128711, 129556, 140934,
117620, 129575, 128981, 128981, 129575, 140947,
117636, 128970, 129584, 129584, 128970, 140946,
117652, 128982, 129575, 129575, 128982, 140947,
117668, 129603, 129604, 129604, 129603, 140972,
117684, 129615, 129616, 129616, 129615, 140946,
117700, 129616, 128969, 128969, 129616, 140946,
117716, 129635, 129363, 129363, 129635, 140924,
117732, 129526, 129049, 129049, 129526, 140951,
117748, 129653, 128657, 128657, 129653, 140931,
117764, 129604, 129662, 129662, 129604, 140972,
117780, 129673, 129674, 129674, 129673, 140973,
117796, 129685, 129686, 129686, 129685, 140974,
117812, 129697, 129698, 129698, 129697, 140925,
117828, 129709, 129710, 129710, 129709, 140975,
117844, 129721, 129653, 129653, 129721, 140931,
117860, 128550, 129697, 129697, 128550, 140925,
117876, 129364, 128537, 128537, 129364, 140924,
117892, 129747, 129748, 129748, 129747, 140975,
117908, 129710, 129758, 129758, 129710, 140975,
117924, 129769, 129685, 129685, 129769, 140974,
117940, 129779, 128549, 128549, 129779, 140925,
117956, 128538, 129635, 129635, 128538, 140924,
117972, 129748, 129709, 129709, 129748, 140975,
117988, 129698, 129779, 129779, 129698, 140925,
118004, 129813, 129673, 129673, 129813, 140973,
118020, 129662, 129603, 129603, 129662, 140972,
118036, 128562, 128681, 128681, 128562, 140926,
118052, 129839, 129840, 129840, 129839, 140976,
118068, 129851, 129852, 129852, 129851, 140977,
118084, 129863, 129864, 129864, 129863, 140978,
118100, 129875, 129876, 129876, 129875, 140979,
118116, 129887, 129888, 129888, 129887, 140980,
118132, 129899, 129900, 129900, 129899, 140981,
118148, 129911, 129912, 129912, 129911, 140976,
118164, 129923, 128767, 128767, 129923, 140937,
118180, 129933, 129934, 129934, 129933, 140982,
118196, 129945, 129946, 129946, 129945, 140983,
118212, 129957, 129958, 129958, 129957, 140984,
118228, 129969, 129970, 129970, 129969, 140985,
118244, 129981, 129982, 129982, 129981, 140986,
118260, 129993, 129994, 129994, 129993, 140987,
118276, 130005, 130006, 130006, 130005, 140984,
118292, 130017, 130018, 130018, 130017, 140981,
118308, 130029, 130030, 130030, 130029, 140988,
118324, 130041, 130042, 130042, 130041, 140989,
118340, 130053, 130054, 130054, 130053, 140990,
118356, 130065, 130066, 130066, 130065, 140991,
118372, 130077, 130078, 130078, 130077, 140992,
118388, 130089, 130090, 130090, 130089, 140993,
118404, 130101, 130102, 130102, 130101, 140994,
118420, 130113, 129933, 129933, 130113, 140982,
118436, 130123, 130124, 130124, 130123, 140995,
118452, 129958, 130005, 130005, 129958, 140984,
118468, 130018, 130142, 130142, 130018, 140981,
118484, 130142, 129899, 129899, 130142, 140981,
118500, 129912, 130160, 130160, 129912, 140976,
118516, 130160, 129839, 129839, 130160, 140976,
118532, 130179, 130089, 130089, 130179, 140993,
118548, 130189, 130179, 130179, 130189, 140993,
118564, 130199, 129911, 129911, 130199, 140976,
118580, 130209, 128779, 128779, 130209, 140938,
118596, 128768, 130218, 130218, 128768, 140937,
118612, 130229, 130209, 130209, 130229, 140938,
118628, 130239, 129923, 129923, 130239, 140937,
118644, 129946, 130248, 130248, 129946, 140983,
118660, 130259, 130239, 130239, 130259, 140937,
118676, 130269, 130017, 130017, 130269, 140981,
118692, 130279, 130280, 130280, 130279, 140996,
118708, 130291, 130292, 130292, 130291, 140938,
118724, 130303, 130279, 130279, 130303, 140996,
118740, 130313, 129957, 129957, 130313, 140984,
118756, 130323, 130313, 130313, 130323, 140984,
118772, 130333, 130334, 130334, 130333, 140995,
118788, 130345, 130346, 130346, 130345, 140996,
118804, 130124, 130333, 130333, 130124, 140995,
118820, 130365, 129887, 129887, 130365, 140980,
118836, 129876, 130374, 130374, 129876, 140979,
118852, 130374, 129875, 129875, 130374, 140979,
118868, 130393, 130394, 130394, 130393, 140997,
118884, 130405, 130406, 130406, 130405, 140998,
118900, 130406, 130416, 130416, 130406, 140998,
118916, 130427, 130428, 130428, 130427, 140999,
118932, 130439, 130440, 130440, 130439, 141000,
118948, 130451, 130452, 130452, 130451, 141001,
118964, 130452, 130462, 130462, 130452, 141001,
118980, 130473, 130474, 130474, 130473, 141002,
118996, 130485, 130427, 130427, 130485, 140999,
119012, 130495, 129993, 129993, 130495, 140987,
119028, 129982, 130504, 130504, 129982, 140986,
119044, 130504, 129981, 129981, 130504, 140986,
119060, 130523, 130524, 130524, 130523, 141003,
119076, 130535, 130536, 130536, 130535, 141004,
119092, 130536, 130546, 130546, 130536, 141004,
119108, 130557, 129863, 129863, 130557, 140978,
119124, 129852, 130566, 130566, 129852, 140977,
119140, 130566, 129851, 129851, 130566, 140977,
119156, 130585, 130586, 130586, 130585, 141005,
119172, 130597, 130598, 130598, 130597, 141006,
119188, 130598, 130608, 130608, 130598, 141006,
119204, 130619, 130620, 130620, 130619, 140990,
119220, 130631, 130632, 130632, 130631, 140966,
119236, 129342, 130642, 130642, 129342, 140966,
119252, 130102, 130652, 130652, 130102, 140994,
119268, 130652, 130662, 130662, 130652, 140994,
119284, 130090, 130672, 130672, 130090, 140993,
119300, 130683, 130101, 130101, 130683, 140994,
119316, 130662, 130683, 130683, 130662, 140994,
119332, 130701, 130702, 130702, 130701, 140989,
119348, 130713, 130714, 130714, 130713, 141007,
119364, 130725, 130726, 130726, 130725, 141008,
119380, 130737, 130713, 130713, 130737, 141007,
119396, 130747, 130065, 130065, 130747, 140991,
119412, 130757, 130077, 130077, 130757, 140992,
119428, 130066, 130747, 130747, 130066, 140991,
119444, 128574, 128827, 128827, 128574, 140927,
119460, 128934, 130782, 130782, 128934, 140936,
119476, 130608, 130597, 130597, 130608, 141006,
119492, 130586, 130800, 130800, 130586, 141005,
119508, 130546, 130535, 130535, 130546, 141004,
119524, 130524, 130818, 130818, 130524, 141003,
119540, 130006, 130323, 130323, 130006, 140984,
119556, 130346, 130303, 130303, 130346, 140996,
119572, 130292, 130229, 130229, 130292, 140938,
119588, 129900, 130269, 130269, 129900, 140981,
119604, 130416, 130405, 130405, 130416, 140998,
119620, 130394, 130868, 130868, 130394, 140997,
119636, 130218, 130259, 130259, 130218, 140937,
119652, 129840, 130199, 130199, 129840, 140976,
119668, 130462, 130451, 130451, 130462, 141001,
119684, 130440, 130902, 130902, 130440, 141000,
119700, 130913, 128815, 128815, 130913, 140941,
119716, 130923, 130619, 130619, 130923, 140990,
119732, 130933, 130725, 130725, 130933, 141008,
119748, 130248, 130942, 130942, 130248, 140983,
119764, 130942, 130952, 130952, 130942, 140983,
119780, 130963, 130701, 130701, 130963, 140989,
119796, 130672, 130189, 130189, 130672, 140993,
119812, 130714, 130737, 130737, 130714, 141007,
119828, 130726, 130933, 130933, 130726, 141008,
119844, 130078, 130757, 130757, 130078, 140992,
119860, 128958, 128525, 128525, 128958, 140923,
119876, 131013, 128723, 128723, 131013, 140935,
119892, 131023, 131024, 131024, 131023, 141009,
119908, 131035, 131036, 131036, 131035, 141010,
119924, 131024, 131046, 131046, 131024, 141009,
119940, 131057, 131058, 131058, 131057, 141011,
119956, 131069, 129119, 129119, 131069, 140956,
119972, 131079, 131035, 131035, 131079, 141010,
119988, 129386, 131088, 131088, 129386, 140959,
120004, 131088, 129165, 129165, 131088, 140959,
120020, 129154, 129143, 129143, 129154, 140958,
120036, 129132, 131114, 131114, 129132, 140957,
120052, 131125, 131126, 131126, 131125, 141012,
120068, 131137, 131138, 131138, 131137, 141013,
120084, 131149, 131125, 131125, 131149, 141012,
120100, 131159, 131160, 131160, 131159, 140942,
120116, 131160, 128879, 128879, 131160, 140942,
120132, 131179, 129005, 129005, 131179, 140949,
120148, 131189, 131190, 131190, 131189, 140935,
120164, 131201, 129017, 129017, 131201, 140950,
120180, 131126, 131210, 131210, 131126, 141012,
120196, 131221, 131137, 131137, 131221, 141013,
120212, 131231, 131232, 131232, 131231, 141014,
120228, 131243, 131231, 131231, 131243, 141014,
120244, 131253, 131254, 131254, 131253, 141015,
120260, 131265, 128993, 128993, 131265, 140948,
120276, 128994, 131265, 131265, 128994, 140948,
120292, 131283, 131149, 131149, 131283, 141012,
120308, 131254, 131292, 131292, 131254, 141015,
120324, 131232, 131243, 131243, 131232, 141014,
120340, 131138, 131221, 131221, 131138, 141013,
120356, 131319, 128755, 128755, 131319, 140936,
120372, 128586, 128837, 128837, 128586, 140928,
120388, 128514, 129029, 129029, 128514, 140922,
120404, 129584, 129615, 129615, 129584, 140946,
120420, 129352, 131159, 131159, 129352, 140942,
120436, 131361, 131179, 131179, 131361, 140949,
120452, 131292, 131253, 131253, 131292, 141015,
120468, 131379, 131361, 131361, 131379, 140949,
120484, 131389, 131390, 131390, 131389, 141016,
120500, 131401, 131402, 131402, 131401, 141017,
120516, 131390, 131412, 131412, 131390, 141016,
120532, 131423, 131401, 131401, 131423, 141017,
120548, 131433, 131434, 131434, 131433, 141018,
120564, 130782, 131319, 131319, 130782, 140936,
120580, 129322, 129431, 129431, 129322, 140965,
120596, 129062, 129309, 129309, 129062, 140952,
120612, 129248, 129421, 129421, 129248, 140964,
120628, 129268, 129259, 129259, 129268, 140953,
120644, 128780, 130291, 130291, 128780, 140938,
120660, 130280, 131492, 131492, 130280, 140996,
120676, 131503, 128621, 128621, 131503, 140930,
120692, 128946, 131512, 131512, 128946, 140945,
120708, 131512, 131522, 131522, 131512, 140945,
120724, 128700, 128891, 128891, 128700, 140933,
120740, 128868, 128847, 128847, 128868, 140939,
120756, 131412, 131548, 131548, 131412, 141016,
120772, 129006, 131379, 131379, 129006, 140949,
120788, 131548, 131566, 131566, 131548, 141016,
120804, 131577, 131578, 131578, 131577, 141019,
120820, 130632, 129341, 129341, 130632, 140966,
120836, 129050, 131596, 131596, 129050, 140951,
120852, 131607, 129537, 129537, 131607, 140971,
120868, 131596, 129525, 129525, 131596, 140951,
120884, 129538, 131607, 131607, 129538, 140971,
120900, 129674, 129813, 129813, 129674, 140973,
120916, 128634, 131503, 131503, 128634, 140930,
120932, 128804, 131648, 131648, 128804, 140940,
120948, 128912, 128957, 128957, 128912, 140923,
120964, 131667, 128923, 128923, 131667, 140944,
120980, 131677, 130473, 130473, 131677, 141002,
120996, 130428, 130485, 130485, 130428, 140999,
121012, 130474, 131677, 131677, 130474, 141002,
121028, 130902, 130439, 130439, 130902, 141000,
121044, 130868, 130393, 130393, 130868, 140997,
121060, 129888, 130365, 130365, 129888, 140980,
121076, 130818, 130523, 130523, 130818, 141003,
121092, 129994, 130495, 130495, 129994, 140987,
121108, 130800, 130585, 130585, 130800, 141005,
121124, 129864, 130557, 130557, 129864, 140978,
121140, 129472, 129397, 129397, 129472, 140967,
121156, 129410, 131766, 131766, 129410, 140968,
121172, 131766, 131776, 131776, 131766, 140968,
121188, 131787, 129491, 129491, 131787, 140970,
121204, 131797, 131787, 131787, 131797, 140970,
121220, 129442, 129453, 129453, 129442, 140969,
121236, 131815, 131816, 131816, 131815, 140955,
121252, 131827, 129211, 129211, 131827, 140962,
121268, 131837, 129199, 129199, 131837, 140961,
121284, 129212, 131827, 131827, 129212, 140962,
121300, 129236, 129223, 129223, 129236, 140963,
121316, 129200, 131837, 131837, 129200, 140961,
121332, 129288, 129189, 129189, 129288, 140960,
121348, 129492, 131878, 131878, 129492, 140970,
121364, 131878, 131797, 131797, 131878, 140970,
121380, 128848, 128791, 128791, 128848, 140939,
121396, 131905, 131433, 131433, 131905, 141018,
121412, 131434, 131905, 131905, 131434, 141018,
121428, 131402, 131423, 131423, 131402, 141017,
121444, 131210, 131283, 131283, 131210, 141012,
121460, 128724, 131189, 131189, 128724, 140935,
121476, 129374, 128859, 128859, 129374, 140929,
121492, 131578, 131954, 131954, 131578, 141019,
121508, 131965, 131966, 131966, 131965, 140940,
121524, 129018, 131201, 131201, 129018, 140950,
121540, 131190, 131013, 131013, 131190, 140935,
121556, 128924, 131667, 131667, 128924, 140944,
121572, 128622, 128633, 128633, 128622, 140930,
121588, 132009, 131057, 131057, 132009, 141011,
121604, 131036, 131079, 131079, 131036, 141010,
121620, 131046, 131023, 131023, 131046, 141009,
121636, 129120, 131069, 131069, 129120, 140956,
121652, 131058, 132009, 132009, 131058, 141011,
121668, 129934, 130113, 130113, 129934, 140982,
121684, 130042, 130963, 130963, 130042, 140989,
121700, 130952, 129945, 129945, 130952, 140983,
121716, 129970, 132074, 132074, 129970, 140985,
121732, 132085, 130123, 130123, 132085, 140995,
121748, 130642, 130631, 130631, 130642, 140966,
121764, 130030, 132102, 132102, 130030, 140988,
121780, 132102, 130029, 130029, 132102, 140988,
121796, 132121, 131815, 131815, 132121, 140955,
121812, 129108, 132121, 132121, 129108, 140955,
121828, 131816, 129107, 129107, 131816, 140955,
121844, 129514, 129095, 129095, 129514, 140954,
121860, 132155, 128669, 128669, 132155, 140932,
121876, 131114, 129131, 129131, 131114, 140957,
121892, 129096, 129503, 129503, 129096, 140954,
121908, 128670, 132155, 132155, 128670, 140932,
121924, 131776, 129463, 129463, 131776, 140968,
121940, 129758, 129747, 129747, 129758, 140975,
121956, 129686, 129769, 129769, 129686, 140974,
121972, 132213, 129721, 129721, 132213, 140931,
121988, 128658, 132213, 132213, 128658, 140931,
122004, 132231, 129061, 129061, 132231, 140952,
122020, 129310, 132231, 132231, 129310, 140952,
122036, 132074, 129969, 129969, 132074, 140985,
122052, 131492, 130345, 130345, 131492, 140996,
122068, 130334, 132085, 132085, 130334, 140995,
122084, 130054, 130923, 130923, 130054, 140990,
122100, 130702, 130041, 130041, 130702, 140989,
122116, 130620, 130053, 130053, 130620, 140990,
122132, 131522, 132296, 132296, 131522, 140945,
122148, 132296, 128945, 128945, 132296, 140945,
122164, 132315, 130913, 130913, 132315, 140941,
122180, 128902, 132324, 132324, 128902, 140943,
122196, 131954, 131577, 131577, 131954, 141019,
122212, 131566, 131389, 131389, 131566, 141016,
122228, 131648, 131965, 131965, 131648, 140940,
122244, 131966, 128803, 128803, 131966, 140940,
122260, 128816, 132366, 132366, 128816, 140941,
122276, 132366, 132315, 132315, 132366, 140941,
122292, 132324, 128901, 128901, 132324, 140943,
122308, 132393, 132394, 132394, 132393, 141020,
122324, 132405, 132406, 132406, 132405, 141021,
122340, 132406, 132416, 132416, 132406, 141021,
122356, 132427, 132428, 132428, 132427, 141022,
122372, 132439, 132440, 132440, 132439, 141022,
122388, 132451, 132452, 132452, 132451, 141023,
122404, 132463, 132464, 132464, 132463, 141024,
122420, 132394, 132474, 132474, 132394, 141020,
122436, 132485, 132405, 132405, 132485, 141021,
122452, 132495, 132496, 132496, 132495, 141025,
122468, 132496, 132506, 132506, 132496, 141025,
122484, 132517, 132518, 132518, 132517, 141026,
122500, 132529, 132530, 132530, 132529, 141027,
122516, 132541, 132542, 132542, 132541, 141026,
122532, 132553, 132554, 132554, 132553, 141028,
122548, 132565, 132566, 132566, 132565, 141029,
122564, 132577, 132578, 132578, 132577, 141030,
122580, 132589, 132590, 132590, 132589, 141031,
122596, 132601, 132589, 132589, 132601, 141031,
122612, 132611, 132612, 132612, 132611, 141032,
122628, 132623, 132611, 132611, 132623, 141032,
122644, 132633, 132634, 132634, 132633, 141033,
122660, 132645, 132646, 132646, 132645, 141034,
122676, 132657, 132658, 132658, 132657, 141035,
122692, 132669, 132670, 132670, 132669, 141036,
122708, 132681, 132682, 132682, 132681, 141037,
122724, 132693, 132694, 132694, 132693, 141038,
122740, 132705, 132669, 132669, 132705, 141036,
122756, 132715, 132716, 132716, 132715, 141037,
122772, 132727, 132728, 132728, 132727, 141039,
122788, 132739, 132740, 132740, 132739, 141039,
122804, 132751, 132739, 132739, 132751, 141039,
122820, 132761, 132762, 132762, 132761, 141040,
122836, 132762, 132772, 132772, 132762, 141040,
122852, 132783, 132784, 132784, 132783, 141041,
122868, 132795, 132553, 132553, 132795, 141028,
122884, 132578, 132804, 132804, 132578, 141030,
122900, 132815, 132816, 132816, 132815, 141042,
122916, 132827, 132828, 132828, 132827, 141027,
122932, 132839, 132840, 132840, 132839, 141043,
122948, 132851, 132852, 132852, 132851, 141044,
122964, 132863, 132864, 132864, 132863, 141045,
122980, 132875, 132876, 132876, 132875, 141046,
122996, 132887, 132888, 132888, 132887, 141047,
123012, 132899, 132851, 132851, 132899, 141044,
123028, 132909, 132910, 132910, 132909, 141048,
123044, 132921, 132922, 132922, 132921, 141049,
123060, 132933, 132934, 132934, 132933, 141050,
123076, 132945, 132946, 132946, 132945, 141051,
123092, 132428, 132439, 132439, 132428, 141022,
123108, 132464, 132964, 132964, 132464, 141024,
123124, 132975, 132976, 132976, 132975, 141052,
123140, 132987, 132988, 132988, 132987, 141050,
123156, 132999, 133000, 133000, 132999, 141053,
123172, 133011, 133012, 133012, 133011, 141054,
123188, 133023, 133024, 133024, 133023, 141055,
123204, 133035, 133023, 133023, 133035, 141055,
123220, 133045, 133046, 133046, 133045, 141056,
123236, 133057, 133058, 133058, 133057, 141057,
123252, 133058, 133068, 133068, 133058, 141057,
123268, 133079, 133080, 133080, 133079, 141058,
123284, 133091, 133092, 133092, 133091, 141059,
123300, 133103, 133104, 133104, 133103, 141060,
123316, 133115, 133116, 133116, 133115, 141061,
123332, 133127, 133091, 133091, 133127, 141059,
123348, 133137, 133115, 133115, 133137, 141061,
123364, 132728, 132751, 132751, 132728, 141039,
123380, 133155, 133156, 133156, 133155, 141062,
123396, 133167, 133057, 133057, 133167, 141057,
123412, 133177, 133167, 133167, 133177, 141057,
123428, 132658, 133186, 133186, 132658, 141035,
123444, 133186, 133196, 133196, 133186, 141035,
123460, 133207, 133208, 133208, 133207, 141063,
123476, 133219, 133220, 133220, 133219, 141064,
123492, 133231, 133232, 133232, 133231, 141065,
123508, 133243, 133244, 133244, 133243, 141066,
123524, 133255, 133256, 133256, 133255, 141067,
123540, 133267, 133268, 133268, 133267, 141068,
123556, 133279, 133280, 133280, 133279, 141069,
123572, 133291, 133292, 133292, 133291, 141070,
123588, 133303, 133304, 133304, 133303, 141071,
123604, 133315, 133316, 133316, 133315, 141072,
123620, 133327, 133303, 133303, 133327, 141071,
123636, 133337, 132921, 132921, 133337, 141049,
123652, 133347, 133348, 133348, 133347, 141073,
123668, 132440, 133358, 133358, 132440, 141022,
123684, 133369, 133370, 133370, 133369, 141048,
123700, 133381, 133382, 133382, 133381, 141074,
123716, 133393, 133394, 133394, 133393, 141075,
123732, 133405, 133406, 133406, 133405, 141076,
123748, 133417, 133393, 133393, 133417, 141075,
123764, 133406, 133426, 133426, 133406, 141076,
123780, 133437, 133438, 133438, 133437, 141041,
123796, 132964, 132463, 132463, 132964, 141024,
123812, 132452, 133456, 133456, 132452, 141023,
123828, 133467, 133468, 133468, 133467, 141077,
123844, 133456, 133478, 133478, 133456, 141023,
123860, 133489, 133490, 133490, 133489, 141056,
123876, 133501, 133502, 133502, 133501, 141078,
123892, 132506, 133512, 133512, 132506, 141025,
123908, 133512, 133522, 133522, 133512, 141025,
123924, 133533, 133369, 133369, 133533, 141048,
123940, 132566, 133542, 133542, 132566, 141029,
123956, 133553, 133554, 133554, 133553, 141079,
123972, 133565, 133566, 133566, 133565, 141080,
123988, 133577, 133578, 133578, 133577, 141081,
124004, 133589, 133590, 133590, 133589, 141031,
124020, 133601, 133602, 133602, 133601, 141082,
124036, 133613, 133614, 133614, 133613, 141083,
124052, 133024, 133035, 133035, 133024, 141055,
124068, 133633, 133011, 133011, 133633, 141054,
124084, 133478, 133642, 133642, 133478, 141023,
124100, 133012, 133633, 133633, 133012, 141054,
124116, 133642, 132451, 132451, 133642, 141023,
124132, 133669, 133467, 133467, 133669, 141077,
124148, 133679, 133680, 133680, 133679, 141084,
124164, 133691, 133669, 133669, 133691, 141077,
124180, 133701, 133702, 133702, 133701, 141085,
124196, 133713, 133714, 133714, 133713, 141086,
124212, 133725, 133726, 133726, 133725, 141087,
124228, 133737, 133738, 133738, 133737, 141088,
124244, 133749, 133613, 133613, 133749, 141083,
124260, 133759, 133760, 133760, 133759, 141089,
124276, 133771, 133772, 133772, 133771, 141090,
124292, 133680, 133782, 133782, 133680, 141084,
124308, 133793, 132999, 132999, 133793, 141053,
124324, 133803, 133804, 133804, 133803, 141091,
124340, 133815, 133803, 133803, 133815, 141091,
124356, 133782, 133679, 133679, 133782, 141084,
124372, 133833, 133771, 133771, 133833, 141090,
124388, 133772, 133833, 133833, 133772, 141090,
124404, 133851, 133759, 133759, 133851, 141089,
124420, 133000, 133860, 133860, 133000, 141053,
124436, 133871, 132945, 132945, 133871, 141051,
124452, 132934, 132987, 132987, 132934, 141050,
124468, 133889, 133691, 133691, 133889, 141077,
124484, 133899, 133900, 133900, 133899, 141085,
124500, 133900, 133701, 133701, 133900, 141085,
124516, 133919, 133793, 133793, 133919, 141053,
124532, 133760, 133851, 133851, 133760, 141089,
124548, 133860, 133919, 133919, 133860, 141053,
124564, 132694, 133944, 133944, 132694, 141038,
124580, 133955, 133956, 133956, 133955, 141092,
124596, 133967, 133968, 133968, 133967, 141093,
124612, 133968, 133978, 133978, 133968, 141093,
124628, 133989, 132887, 132887, 133989, 141047,
124644, 133999, 132863, 132863, 133999, 141045,
124660, 132852, 132899, 132899, 132852, 141044,
124676, 132876, 134016, 134016, 132876, 141046,
124692, 132888, 133989, 133989, 132888, 141047,
124708, 134016, 132875, 132875, 134016, 141046,
124724, 134043, 132933, 132933, 134043, 141050,
124740, 134053, 134054, 134054, 134053, 141073,
124756, 134065, 134066, 134066, 134065, 141094,
124772, 134077, 134078, 134078, 134077, 141095,
124788, 134089, 134090, 134090, 134089, 141096,
124804, 134101, 134102, 134102, 134101, 141097,
124820, 134113, 132827, 132827, 134113, 141027,
124836, 132816, 134122, 134122, 132816, 141042,
124852, 134122, 134132, 134132, 134122, 141042,
124868, 134143, 134077, 134077, 134143, 141095,
124884, 134153, 132541, 132541, 134153, 141026,
124900, 134163, 132485, 132485, 134163, 141021,
124916, 133292, 134172, 134172, 133292, 141070,
124932, 134183, 134184, 134184, 134183, 141098,
124948, 134195, 134196, 134196, 134195, 141099,
124964, 134207, 134208, 134208, 134207, 141100,
124980, 133280, 134218, 134218, 133280, 141069,
124996, 134229, 134230, 134230, 134229, 141101,
125012, 134241, 134242, 134242, 134241, 141102,
125028, 134253, 134254, 134254, 134253, 141079,
125044, 134265, 134266, 134266, 134265, 141029,
125060, 134277, 134278, 134278, 134277, 141103,
125076, 133256, 134288, 134288, 133256, 141067,
125092, 134299, 134300, 134300, 134299, 141104,
125108, 133232, 134310, 134310, 133232, 141065,
125124, 134321, 134322, 134322, 134321, 141105,
125140, 133614, 134332, 134332, 133614, 141083,
125156, 134343, 134344, 134344, 134343, 141106,
125172, 134355, 134356, 134356, 134355, 141107,
125188, 134367, 134065, 134065, 134367, 141094,
125204, 134377, 134355, 134355, 134377, 141107,
125220, 134387, 134089, 134089, 134387, 141096,
125236, 134078, 134143, 134143, 134078, 141095,
125252, 134090, 134387, 134387, 134090, 141096,
125268, 132530, 134113, 134113, 132530, 141027,
125284, 134421, 134422, 134422, 134421, 141108,
125300, 134433, 134421, 134421, 134433, 141108,
125316, 134102, 134442, 134442, 134102, 141097,
125332, 134422, 134452, 134452, 134422, 141108,
125348, 134452, 134462, 134462, 134452, 141108,
125364, 132784, 134472, 134472, 132784, 141041,
125380, 133438, 132783, 132783, 133438, 141041,
125396, 132518, 134153, 134153, 132518, 141026,
125412, 134322, 134498, 134498, 134322, 141105,
125428, 134498, 134321, 134321, 134498, 141105,
125444, 134310, 133231, 133231, 134310, 141065,
125460, 134525, 134526, 134526, 134525, 141109,
125476, 134526, 134536, 134536, 134526, 141109,
125492, 134547, 133219, 133219, 134547, 141064,
125508, 134300, 134556, 134556, 134300, 141104,
125524, 134556, 134299, 134299, 134556, 141104,
125540, 134288, 133255, 133255, 134288, 141067,
125556, 134583, 134584, 134584, 134583, 141110,
125572, 134584, 134594, 134594, 134584, 141110,
125588, 134605, 133243, 133243, 134605, 141066,
125604, 134615, 133315, 133315, 134615, 141072,
125620, 133304, 133327, 133327, 133304, 141071,
125636, 134184, 134632, 134632, 134184, 141098,
125652, 134632, 134183, 134183, 134632, 141098,
125668, 134172, 133291, 133291, 134172, 141070,
125684, 133316, 134615, 134615, 133316, 141072,
125700, 134230, 134666, 134666, 134230, 141101,
125716, 134666, 134229, 134229, 134666, 141101,
125732, 134218, 133279, 133279, 134218, 141069,
125748, 134693, 134694, 134694, 134693, 141111,
125764, 134694, 134704, 134704, 134694, 141111,
125780, 134715, 133267, 133267, 134715, 141068,
125796, 134725, 134726, 134726, 134725, 141028,
125812, 134266, 132565, 132565, 134266, 141029,
125828, 132554, 134725, 134725, 132554, 141028,
125844, 134753, 134277, 134277, 134753, 141103,
125860, 134763, 134753, 134753, 134763, 141103,
125876, 134773, 134265, 134265, 134773, 141029,
125892, 134254, 133553, 133553, 134254, 141079,
125908, 133542, 134773, 134773, 133542, 141029,
125924, 134799, 134241, 134241, 134799, 141102,
125940, 134809, 134207, 134207, 134809, 141100,
125956, 134132, 134818, 134818, 134132, 141042,
125972, 134829, 134809, 134809, 134829, 141100,
125988, 134839, 134253, 134253, 134839, 141079,
126004, 134208, 134848, 134848, 134208, 141100,
126020, 134859, 134839, 134839, 134859, 141079,
126036, 134869, 134195, 134195, 134869, 141099,
126052, 134879, 134101, 134101, 134879, 141097,
126068, 134889, 134879, 134879, 134889, 141097,
126084, 134899, 134900, 134900, 134899, 141099,
126100, 134900, 134910, 134910, 134900, 141099,
126116, 134921, 134922, 134922, 134921, 141102,
126132, 134922, 134932, 134932, 134922, 141102,
126148, 134943, 134944, 134944, 134943, 141103,
126164, 134726, 132795, 132795, 134726, 141028,
126180, 134963, 132839, 132839, 134963, 141043,
126196, 134462, 134433, 134433, 134462, 141108,
126212, 134442, 134889, 134889, 134442, 141097,
126228, 134066, 134367, 134367, 134066, 141094,
126244, 134356, 134377, 134377, 134356, 141107,
126260, 132542, 132517, 132517, 132542, 141026,
126276, 132828, 132529, 132529, 132828, 141027,
126292, 132772, 132761, 132761, 132772, 141040,
126308, 134932, 134799, 134799, 134932, 141102,
126324, 134278, 134943, 134943, 134278, 141103,
126340, 133244, 134605, 134605, 133244, 141066,
126356, 134594, 134583, 134583, 134594, 141110,
126372, 132804, 132577, 132577, 132804, 141030,
126388, 134944, 134763, 134763, 134944, 141103,
126404, 134818, 132815, 132815, 134818, 141042,
126420, 132840, 134963, 134963, 132840, 141043,
126436, 135093, 134829, 134829, 135093, 141100,
126452, 134910, 134869, 134869, 134910, 141099,
126468, 134242, 134921, 134921, 134242, 141102,
126484, 133268, 134715, 134715, 133268, 141068,
126500, 134704, 134693, 134693, 134704, 141111,
126516, 133220, 134547, 134547, 133220, 141064,
126532, 134536, 134525, 134525, 134536, 141109,
126548, 134196, 134899, 134899, 134196, 141099,
126564, 135159, 135160, 135160, 135159, 141112,
126580, 135171, 135172, 135172, 135171, 141113,
126596, 135183, 133381, 133381, 135183, 141074,
126612, 135193, 135194, 135194, 135193, 141114,
126628, 135205, 135206, 135206, 135205, 141034,
126644, 135217, 135218, 135218, 135217, 141115,
126660, 135229, 135193, 135193, 135229, 141114,
126676, 135239, 132633, 132633, 135239, 141033,
126692, 132646, 135248, 135248, 132646, 141034,
126708, 135206, 132645, 132645, 135206, 141034,
126724, 135267, 135268, 135268, 135267, 141115,
126740, 135279, 135280, 135280, 135279, 141114,
126756, 135291, 132623, 132623, 135291, 141032,
126772, 135248, 135205, 135205, 135248, 141034,
126788, 135194, 135279, 135279, 135194, 141114,
126804, 132634, 135239, 135239, 132634, 141033,
126820, 133382, 135183, 135183, 133382, 141074,
126836, 135172, 135332, 135332, 135172, 141113,
126852, 135343, 135291, 135291, 135343, 141032,
126868, 135353, 135354, 135354, 135353, 141076,
126884, 135365, 135217, 135217, 135365, 141115,
126900, 135375, 135376, 135376, 135375, 141086,
126916, 135376, 133713, 133713, 135376, 141086,
126932, 135332, 135171, 135171, 135332, 141113,
126948, 135403, 135404, 135404, 135403, 141116,
126964, 133714, 135414, 135414, 133714, 141086,
126980, 135425, 135403, 135403, 135425, 141116,
126996, 135435, 135436, 135436, 135435, 141117,
127012, 135436, 135446, 135446, 135436, 141117,
127028, 135457, 135458, 135458, 135457, 141078,
127044, 133394, 133417, 133417, 133394, 141075,
127060, 135354, 133405, 133405, 135354, 141076,
127076, 132716, 135484, 135484, 132716, 141037,
127092, 135484, 132681, 132681, 135484, 141037,
127108, 133068, 133177, 133177, 133068, 141057,
127124, 135511, 135512, 135512, 135511, 141093,
127140, 133208, 135522, 135522, 133208, 141063,
127156, 135533, 132657, 132657, 135533, 141035,
127172, 135543, 133155, 133155, 135543, 141062,
127188, 133156, 135543, 135543, 133156, 141062,
127204, 135561, 133601, 133601, 135561, 141082,
127220, 135571, 133577, 133577, 135571, 141081,
127236, 133196, 135533, 135533, 133196, 141035,
127252, 135522, 133207, 133207, 135522, 141063,
127268, 133978, 135511, 135511, 133978, 141093,
127284, 132976, 135604, 135604, 132976, 141052,
127300, 135268, 135365, 135365, 135268, 141115,
127316, 133702, 135622, 135622, 133702, 141085,
127332, 134472, 133437, 133437, 134472, 141041,
127348, 135641, 135642, 135642, 135641, 141060,
127364, 133602, 135561, 135561, 133602, 141082,
127380, 132590, 133589, 133589, 132590, 141031,
127396, 135642, 135668, 135668, 135642, 141060,
127412, 133080, 135678, 135678, 133080, 141058,
127428, 135678, 135688, 135688, 135678, 141058,
127444, 133566, 135698, 135698, 133566, 141080,
127460, 135709, 133565, 133565, 135709, 141080,
127476, 133578, 135571, 135571, 133578, 141081,
127492, 133104, 135641, 135641, 133104, 141060,
127508, 135668, 133103, 133103, 135668, 141060,
127524, 133116, 133137, 133137, 133116, 141061,
127540, 133092, 133127, 133127, 133092, 141059,
127556, 135759, 133079, 133079, 135759, 141058,
127572, 135688, 135759, 135759, 135688, 141058,
127588, 135512, 133967, 133967, 135512, 141093,
127604, 133956, 135784, 135784, 133956, 141092,
127620, 135784, 133955, 133955, 135784, 141092,
127636, 133944, 132693, 132693, 133944, 141038,
127652, 132864, 133999, 133999, 132864, 141045,
127668, 132740, 132727, 132727, 132740, 141039,
127684, 132682, 132715, 132715, 132682, 141037,
127700, 135698, 135834, 135834, 135698, 141080,
127716, 135834, 135709, 135709, 135834, 141080,
127732, 133590, 132601, 132601, 133590, 141031,
127748, 133426, 135353, 135353, 133426, 141076,
127764, 135604, 135868, 135868, 135604, 141052,
127780, 135879, 133725, 133725, 135879, 141087,
127796, 132946, 133871, 133871, 132946, 141051,
127812, 133468, 133889, 133889, 133468, 141077,
127828, 133804, 133815, 133815, 133804, 141091,
127844, 135404, 135425, 135425, 135404, 141116,
127860, 135414, 135375, 135375, 135414, 141086,
127876, 134054, 133347, 133347, 134054, 141073,
127892, 133522, 132495, 132495, 133522, 141025,
127908, 134332, 135944, 135944, 134332, 141083,
127924, 132922, 133337, 133337, 132922, 141049,
127940, 133348, 135962, 135962, 133348, 141073,
127956, 132474, 132393, 132393, 132474, 141020,
127972, 135981, 133501, 133501, 135981, 141078,
127988, 135622, 133899, 133899, 135622, 141085,
128004, 133490, 135998, 135998, 133490, 141056,
128020, 136009, 132975, 132975, 136009, 141052,
128036, 133046, 133489, 133489, 133046, 141056,
128052, 136027, 133737, 133737, 136027, 141088,
128068, 136037, 134343, 134343, 136037, 141106,
128084, 132416, 134163, 134163, 132416, 141021,
128100, 133358, 132427, 132427, 133358, 141022,
128116, 135998, 133045, 133045, 135998, 141056,
128132, 133554, 134859, 134859, 133554, 141079,
128148, 134848, 135093, 135093, 134848, 141100,
128164, 135944, 133749, 133749, 135944, 141083,
128180, 136095, 136096, 136096, 136095, 141088,
128196, 135458, 135981, 135981, 135458, 141078,
128212, 132988, 134043, 134043, 132988, 141050,
128228, 135446, 135435, 135435, 135446, 141117,
128244, 133502, 135457, 135457, 133502, 141078,
128260, 136139, 136140, 136140, 136139, 141112,
128276, 136151, 135159, 135159, 136151, 141112,
128292, 132670, 132705, 132705, 132670, 141036,
128308, 132612, 135343, 135343, 132612, 141032,
128324, 136140, 136151, 136151, 136140, 141112,
128340, 133370, 132909, 132909, 133370, 141048,
128356, 132910, 133533, 133533, 132910, 141048,
128372, 135868, 136009, 136009, 135868, 141052,
128388, 136096, 136027, 136027, 136096, 141088,
128404, 133738, 136095, 136095, 133738, 141088,
128420, 134344, 136037, 136037, 134344, 141106,
128436, 135160, 136139, 136139, 135160, 141112,
128452, 135280, 135229, 135229, 135280, 141114,
128468, 135218, 135267, 135267, 135218, 141115,
128484, 135962, 134053, 134053, 135962, 141073,
128500, 133726, 135879, 135879, 133726, 141087,
