2827, 3118, 3115, 3115, 3118, 3436,
2827, 3115, 3116, 3116, 3115, 3437,
2827, 3116, 3117, 3117, 3116, 3435,
2827, 3117, 3118, 3118, 3117, 3438,
2828, 3121, 3119, 3119, 3121, 3439,
2828, 3119, 3117, 3117, 3119, 3438,
2828, 3117, 3120, 3120, 3117, 3435,
2828, 3120, 3121, 3121, 3120, 3440,
2829, 3124, 3122, 3122, 3124, 3441,
2829, 3122, 3120, 3120, 3122, 3440,
2829, 3120, 3123, 3123, 3120, 3435,
2829, 3123, 3124, 3124, 3123, 3442,
2830, 3127, 3125, 3125, 3127, 3443,
2830, 3125, 3123, 3123, 3125, 3442,
2830, 3123, 3126, 3126, 3123, 3435,
2830, 3126, 3127, 3127, 3126, 3444,
2831, 3129, 3128, 3128, 3129, 3445,
2831, 3128, 3126, 3126, 3128, 3444,
2831, 3126, 3116, 3116, 3126, 3435,
2831, 3116, 3129, 3129, 3116, 3437,
2835, 3133, 3132, 3132, 3133, 3436,
2835, 3132, 3131, 3131, 3132, 3448,
2835, 3131, 3130, 3130, 3131, 3446,
2835, 3130, 3133, 3133, 3130, 3447,
2837, 3137, 3135, 3135, 3137, 3439,
2837, 3135, 3134, 3134, 3135, 3450,
2837, 3134, 3136, 3136, 3134, 3449,
2837, 3136, 3137, 3137, 3136, 3451,
2841, 3141, 3139, 3139, 3141, 3441,
2841, 3139, 3138, 3138, 3139, 3453,
2841, 3138, 3140, 3140, 3138, 3452,
2841, 3140, 3141, 3141, 3140, 3454,
2845, 3145, 3143, 3143, 3145, 3443,
2845, 3143, 3142, 3142, 3143, 3456,
2845, 3142, 3144, 3144, 3142, 3455,
2845, 3144, 3145, 3145, 3144, 3457,
2849, 3149, 3147, 3147, 3149, 3445,
2849, 3147, 3146, 3146, 3147, 3459,
2849, 3146, 3148, 3148, 3146, 3458,
2849, 3148, 3149, 3149, 3148, 3460,
2854, 3115, 3133, 3133, 3115, 3436,
2854, 3133, 3151, 3151, 3133, 3447,
2854, 3151, 3152, 3152, 3151, 3461,
2854, 3152, 3115, 3115, 3152, 3437,
2855, 3147, 3129, 3129, 3147, 3445,
2855, 3129, 3152, 3152, 3129, 3437,
2855, 3152, 3150, 3150, 3152, 3461,
2855, 3150, 3147, 3147, 3150, 3459,
2858, 3119, 3137, 3137, 3119, 3439,
2858, 3137, 3154, 3154, 3137, 3451,
2858, 3154, 3155, 3155, 3154, 3462,
2858, 3155, 3119, 3119, 3155, 3438,
2859, 3132, 3118, 3118, 3132, 3436,
2859, 3118, 3155, 3155, 3118, 3438,
2859, 3155, 3153, 3153, 3155, 3462,
2859, 3153, 3132, 3132, 3153, 3448,
2862, 3122, 3141, 3141, 3122, 3441,
2862, 3141, 3157, 3157, 3141, 3454,
2862, 3157, 3158, 3158, 3157, 3463,
2862, 3158, 3122, 3122, 3158, 3440,
2863, 3135, 3121, 3121, 3135, 3439,
2863, 3121, 3158, 3158, 3121, 3440,
2863, 3158, 3156, 3156, 3158, 3463,
2863, 3156, 3135, 3135, 3156, 3450,
2866, 3125, 3145, 3145, 3125, 3443,
2866, 3145, 3160, 3160, 3145, 3457,
2866, 3160, 3161, 3161, 3160, 3464,
2866, 3161, 3125, 3125, 3161, 3442,
2867, 3139, 3124, 3124, 3139, 3441,
2867, 3124, 3161, 3161, 3124, 3442,
2867, 3161, 3159, 3159, 3161, 3464,
2867, 3159, 3139, 3139, 3159, 3453,
2870, 3128, 3149, 3149, 3128, 3445,
2870, 3149, 3163, 3163, 3149, 3460,
2870, 3163, 3164, 3164, 3163, 3465,
2870, 3164, 3128, 3128, 3164, 3444,
2871, 3143, 3127, 3127, 3143, 3443,
2871, 3127, 3164, 3164, 3127, 3444,
2871, 3164, 3162, 3162, 3164, 3465,
2871, 3162, 3143, 3143, 3162, 3456,
2872, 3168, 3165, 3165, 3168, 3467,
2872, 3165, 3166, 3166, 3165, 3468,
2872, 3166, 3167, 3167, 3166, 3466,
2872, 3167, 3168, 3168, 3167, 3469,
2873, 3171, 3169, 3169, 3171, 3470,
2873, 3169, 3167, 3167, 3169, 3469,
2873, 3167, 3170, 3170, 3167, 3466,
2873, 3170, 3171, 3171, 3170, 3471,
2874, 3173, 3172, 3172, 3173, 3472,
2874, 3172, 3170, 3170, 3172, 3471,
2874, 3170, 3166, 3166, 3170, 3466,
2874, 3166, 3173, 3173, 3166, 3468,
2878, 3177, 3176, 3176, 3177, 3467,
2878, 3176, 3175, 3175, 3176, 3475,
2878, 3175, 3174, 3174, 3175, 3473,
2878, 3174, 3177, 3177, 3174, 3474,
2880, 3181, 3179, 3179, 3181, 3470,
2880, 3179, 3178, 3178, 3179, 3477,
2880, 3178, 3180, 3180, 3178, 3476,
2880, 3180, 3181, 3181, 3180, 3478,
2884, 3185, 3183, 3183, 3185, 3472,
2884, 3183, 3182, 3182, 3183, 3480,
2884, 3182, 3184, 3184, 3182, 3479,
2884, 3184, 3185, 3185, 3184, 3481,
2889, 3165, 3177, 3177, 3165, 3467,
2889, 3177, 3187, 3187, 3177, 3474,
2889, 3187, 3188, 3188, 3187, 3482,
2889, 3188, 3165, 3165, 3188, 3468,
2890, 3183, 3173, 3173, 3183, 3472,
2890, 3173, 3188, 3188, 3173, 3468,
2890, 3188, 3186, 3186, 3188, 3482,
2890, 3186, 3183, 3183, 3186, 3480,
2893, 3169, 3181, 3181, 3169, 3470,
2893, 3181, 3190, 3190, 3181, 3478,
2893, 3190, 3191, 3191, 3190, 3483,
2893, 3191, 3169, 3169, 3191, 3469,
2894, 3176, 3168, 3168, 3176, 3467,
2894, 3168, 3191, 3191, 3168, 3469,
2894, 3191, 3189, 3189, 3191, 3483,
2894, 3189, 3176, 3176, 3189, 3475,
2897, 3172, 3185, 3185, 3172, 3472,
2897, 3185, 3193, 3193, 3185, 3481,
2897, 3193, 3194, 3194, 3193, 3484,
2897, 3194, 3172, 3172, 3194, 3471,
2898, 3179, 3171, 3171, 3179, 3470,
2898, 3171, 3194, 3194, 3171, 3471,
2898, 3194, 3192, 3192, 3194, 3484,
2898, 3192, 3179, 3179, 3192, 3477,
2899, 3198, 3195, 3195, 3198, 3486,
2899, 3195, 3196, 3196, 3195, 3487,
2899, 3196, 3197, 3197, 3196, 3485,
2899, 3197, 3198, 3198, 3197, 3488,
2900, 3201, 3199, 3199, 3201, 3489,
2900, 3199, 3197, 3197, 3199, 3488,
2900, 3197, 3200, 3200, 3197, 3485,
2900, 3200, 3201, 3201, 3200, 3490,
2901, 3204, 3202, 3202, 3204, 3491,
2901, 3202, 3200, 3200, 3202, 3490,
2901, 3200, 3203, 3203, 3200, 3485,
2901, 3203, 3204, 3204, 3203, 3492,
2902, 3207, 3205, 3205, 3207, 3493,
2902, 3205, 3203, 3203, 3205, 3492,
2902, 3203, 3206, 3206, 3203, 3485,
2902, 3206, 3207, 3207, 3206, 3494,
2903, 3209, 3208, 3208, 3209, 3495,
2903, 3208, 3206, 3206, 3208, 3494,
2903, 3206, 3196, 3196, 3206, 3485,
2903, 3196, 3209, 3209, 3196, 3487,
2907, 3213, 3212, 3212, 3213, 3486,
2907, 3212, 3211, 3211, 3212, 3498,
2907, 3211, 3210, 3210, 3211, 3496,
2907, 3210, 3213, 3213, 3210, 3497,
2909, 3217, 3215, 3215, 3217, 3489,
2909, 3215, 3214, 3214, 3215, 3500,
2909, 3214, 3216, 3216, 3214, 3499,
2909, 3216, 3217, 3217, 3216, 3501,
2913, 3221, 3219, 3219, 3221, 3491,
2913, 3219, 3218, 3218, 3219, 3503,
2913, 3218, 3220, 3220, 3218, 3502,
2913, 3220, 3221, 3221, 3220, 3504,
2917, 3225, 3223, 3223, 3225, 3493,
2917, 3223, 3222, 3222, 3223, 3506,
2917, 3222, 3224, 3224, 3222, 3505,
2917, 3224, 3225, 3225, 3224, 3507,
2921, 3229, 3227, 3227, 3229, 3495,
2921, 3227, 3226, 3226, 3227, 3509,
2921, 3226, 3228, 3228, 3226, 3508,
2921, 3228, 3229, 3229, 3228, 3510,
2926, 3195, 3213, 3213, 3195, 3486,
2926, 3213, 3231, 3231, 3213, 3497,
2926, 3231, 3232, 3232, 3231, 3511,
2926, 3232, 3195, 3195, 3232, 3487,
2927, 3227, 3209, 3209, 3227, 3495,
2927, 3209, 3232, 3232, 3209, 3487,
2927, 3232, 3230, 3230, 3232, 3511,
2927, 3230, 3227, 3227, 3230, 3509,
2930, 3199, 3217, 3217, 3199, 3489,
2930, 3217, 3234, 3234, 3217, 3501,
2930, 3234, 3235, 3235, 3234, 3512,
2930, 3235, 3199, 3199, 3235, 3488,
2931, 3212, 3198, 3198, 3212, 3486,
2931, 3198, 3235, 3235, 3198, 3488,
2931, 3235, 3233, 3233, 3235, 3512,
2931, 3233, 3212, 3212, 3233, 3498,
2934, 3202, 3221, 3221, 3202, 3491,
2934, 3221, 3237, 3237, 3221, 3504,
2934, 3237, 3238, 3238, 3237, 3513,
2934, 3238, 3202, 3202, 3238, 3490,
2935, 3215, 3201, 3201, 3215, 3489,
2935, 3201, 3238, 3238, 3201, 3490,
2935, 3238, 3236, 3236, 3238, 3513,
2935, 3236, 3215, 3215, 3236, 3500,
2938, 3205, 3225, 3225, 3205, 3493,
2938, 3225, 3240, 3240, 3225, 3507,
2938, 3240, 3241, 3241, 3240, 3514,
2938, 3241, 3205, 3205, 3241, 3492,
2939, 3219, 3204, 3204, 3219, 3491,
2939, 3204, 3241, 3241, 3204, 3492,
2939, 3241, 3239, 3239, 3241, 3514,
2939, 3239, 3219, 3219, 3239, 3503,
2942, 3208, 3229, 3229, 3208, 3495,
2942, 3229, 3243, 3243, 3229, 3510,
2942, 3243, 3244, 3244, 3243, 3515,
2942, 3244, 3208, 3208, 3244, 3494,
2943, 3223, 3207, 3207, 3223, 3493,
2943, 3207, 3244, 3244, 3207, 3494,
2943, 3244, 3242, 3242, 3244, 3515,
2943, 3242, 3223, 3223, 3242, 3506,
2944, 3248, 3245, 3245, 3248, 3517,
2944, 3245, 3246, 3246, 3245, 3518,
2944, 3246, 3247, 3247, 3246, 3516,
2944, 3247, 3248, 3248, 3247, 3519,
2945, 3251, 3249, 3249, 3251, 3520,
2945, 3249, 3247, 3247, 3249, 3519,
2945, 3247, 3250, 3250, 3247, 3516,
2945, 3250, 3251, 3251, 3250, 3521,
2946, 3253, 3252, 3252, 3253, 3522,
2946, 3252, 3250, 3250, 3252, 3521,
2946, 3250, 3246, 3246, 3250, 3516,
2946, 3246, 3253, 3253, 3246, 3518,
2950, 3257, 3256, 3256, 3257, 3517,
2950, 3256, 3255, 3255, 3256, 3525,
2950, 3255, 3254, 3254, 3255, 3523,
2950, 3254, 3257, 3257, 3254, 3524,
2952, 3261, 3259, 3259, 3261, 3520,
2952, 3259, 3258, 3258, 3259, 3527,
2952, 3258, 3260, 3260, 3258, 3526,
2952, 3260, 3261, 3261, 3260, 3528,
2956, 3265, 3263, 3263, 3265, 3522,
2956, 3263, 3262, 3262, 3263, 3530,
2956, 3262, 3264, 3264, 3262, 3529,
2956, 3264, 3265, 3265, 3264, 3531,
2961, 3245, 3257, 3257, 3245, 3517,
2961, 3257, 3267, 3267, 3257, 3524,
2961, 3267, 3268, 3268, 3267, 3532,
2961, 3268, 3245, 3245, 3268, 3518,
2962, 3263, 3253, 3253, 3263, 3522,
2962, 3253, 3268, 3268, 3253, 3518,
2962, 3268, 3266, 3266, 3268, 3532,
2962, 3266, 3263, 3263, 3266, 3530,
2965, 3249, 3261, 3261, 3249, 3520,
2965, 3261, 3270, 3270, 3261, 3528,
2965, 3270, 3271, 3271, 3270, 3533,
2965, 3271, 3249, 3249, 3271, 3519,
2966, 3256, 3248, 3248, 3256, 3517,
2966, 3248, 3271, 3271, 3248, 3519,
2966, 3271, 3269, 3269, 3271, 3533,
2966, 3269, 3256, 3256, 3269, 3525,
2969, 3252, 3265, 3265, 3252, 3522,
2969, 3265, 3273, 3273, 3265, 3531,
2969, 3273, 3274, 3274, 3273, 3534,
2969, 3274, 3252, 3252, 3274, 3521,
2970, 3259, 3251, 3251, 3259, 3520,
2970, 3251, 3274, 3274, 3251, 3521,
2970, 3274, 3272, 3272, 3274, 3534,
2970, 3272, 3259, 3259, 3272, 3527,
2971, 3278, 3275, 3275, 3278, 3536,
2971, 3275, 3276, 3276, 3275, 3537,
2971, 3276, 3277, 3277, 3276, 3535,
2971, 3277, 3278, 3278, 3277, 3538,
2972, 3281, 3279, 3279, 3281, 3539,
2972, 3279, 3277, 3277, 3279, 3538,
2972, 3277, 3280, 3280, 3277, 3535,
2972, 3280, 3281, 3281, 3280, 3540,
2973, 3284, 3282, 3282, 3284, 3541,
2973, 3282, 3280, 3280, 3282, 3540,
2973, 3280, 3283, 3283, 3280, 3535,
2973, 3283, 3284, 3284, 3283, 3542,
2974, 3287, 3285, 3285, 3287, 3543,
2974, 3285, 3283, 3283, 3285, 3542,
2974, 3283, 3286, 3286, 3283, 3535,
2974, 3286, 3287, 3287, 3286, 3544,
2975, 3289, 3288, 3288, 3289, 3545,
2975, 3288, 3286, 3286, 3288, 3544,
2975, 3286, 3276, 3276, 3286, 3535,
2975, 3276, 3289, 3289, 3276, 3537,
2979, 3293, 3292, 3292, 3293, 3536,
2979, 3292, 3291, 3291, 3292, 3548,
2979, 3291, 3290, 3290, 3291, 3546,
2979, 3290, 3293, 3293, 3290, 3547,
2981, 3297, 3295, 3295, 3297, 3539,
2981, 3295, 3294, 3294, 3295, 3550,
2981, 3294, 3296, 3296, 3294, 3549,
2981, 3296, 3297, 3297, 3296, 3551,
2985, 3301, 3299, 3299, 3301, 3541,
2985, 3299, 3298, 3298, 3299, 3553,
2985, 3298, 3300, 3300, 3298, 3552,
2985, 3300, 3301, 3301, 3300, 3554,
2989, 3305, 3303, 3303, 3305, 3543,
2989, 3303, 3302, 3302, 3303, 3556,
2989, 3302, 3304, 3304, 3302, 3555,
2989, 3304, 3305, 3305, 3304, 3557,
2993, 3309, 3307, 3307, 3309, 3545,
2993, 3307, 3306, 3306, 3307, 3559,
2993, 3306, 3308, 3308, 3306, 3558,
2993, 3308, 3309, 3309, 3308, 3560,
2998, 3275, 3293, 3293, 3275, 3536,
2998, 3293, 3311, 3311, 3293, 3547,
2998, 3311, 3312, 3312, 3311, 3561,
2998, 3312, 3275, 3275, 3312, 3537,
2999, 3307, 3289, 3289, 3307, 3545,
2999, 3289, 3312, 3312, 3289, 3537,
2999, 3312, 3310, 3310, 3312, 3561,
2999, 3310, 3307, 3307, 3310, 3559,
3002, 3279, 3297, 3297, 3279, 3539,
3002, 3297, 3314, 3314, 3297, 3551,
3002, 3314, 3315, 3315, 3314, 3562,
3002, 3315, 3279, 3279, 3315, 3538,
3003, 3292, 3278, 3278, 3292, 3536,
3003, 3278, 3315, 3315, 3278, 3538,
3003, 3315, 3313, 3313, 3315, 3562,
3003, 3313, 3292, 3292, 3313, 3548,
3006, 3282, 3301, 3301, 3282, 3541,
3006, 3301, 3317, 3317, 3301, 3554,
3006, 3317, 3318, 3318, 3317, 3563,
3006, 3318, 3282, 3282, 3318, 3540,
3007, 3295, 3281, 3281, 3295, 3539,
3007, 3281, 3318, 3318, 3281, 3540,
3007, 3318, 3316, 3316, 3318, 3563,
3007, 3316, 3295, 3295, 3316, 3550,
3010, 3285, 3305, 3305, 3285, 3543,
3010, 3305, 3320, 3320, 3305, 3557,
3010, 3320, 3321, 3321, 3320, 3564,
3010, 3321, 3285, 3285, 3321, 3542,
3011, 3299, 3284, 3284, 3299, 3541,
3011, 3284, 3321, 3321, 3284, 3542,
3011, 3321, 3319, 3319, 3321, 3564,
3011, 3319, 3299, 3299, 3319, 3553,
3014, 3288, 3309, 3309, 3288, 3545,
3014, 3309, 3323, 3323, 3309, 3560,
3014, 3323, 3324, 3324, 3323, 3565,
3014, 3324, 3288, 3288, 3324, 3544,
3015, 3303, 3287, 3287, 3303, 3543,
3015, 3287, 3324, 3324, 3287, 3544,
3015, 3324, 3322, 3322, 3324, 3565,
3015, 3322, 3303, 3303, 3322, 3556,
3016, 3328, 3325, 3325, 3328, 3567,
3016, 3325, 3326, 3326, 3325, 3568,
3016, 3326, 3327, 3327, 3326, 3566,
3016, 3327, 3328, 3328, 3327, 3569,
3017, 3331, 3329, 3329, 3331, 3570,
3017, 3329, 3327, 3327, 3329, 3569,
3017, 3327, 3330, 3330, 3327, 3566,
3017, 3330, 3331, 3331, 3330, 3571,
3018, 3333, 3332, 3332, 3333, 3572,
3018, 3332, 3330, 3330, 3332, 3571,
3018, 3330, 3326, 3326, 3330, 3566,
3018, 3326, 3333, 3333, 3326, 3568,
3022, 3337, 3336, 3336, 3337, 3567,
3022, 3336, 3335, 3335, 3336, 3575,
3022, 3335, 3334, 3334, 3335, 3573,
3022, 3334, 3337, 3337, 3334, 3574,
3024, 3341, 3339, 3339, 3341, 3570,
3024, 3339, 3338, 3338, 3339, 3577,
3024, 3338, 3340, 3340, 3338, 3576,
3024, 3340, 3341, 3341, 3340, 3578,
3028, 3345, 3343, 3343, 3345, 3572,
3028, 3343, 3342, 3342, 3343, 3580,
3028, 3342, 3344, 3344, 3342, 3579,
3028, 3344, 3345, 3345, 3344, 3581,
3033, 3325, 3337, 3337, 3325, 3567,
3033, 3337, 3347, 3347, 3337, 3574,
3033, 3347, 3348, 3348, 3347, 3582,
3033, 3348, 3325, 3325, 3348, 3568,
3034, 3343, 3333, 3333, 3343, 3572,
3034, 3333, 3348, 3348, 3333, 3568,
3034, 3348, 3346, 3346, 3348, 3582,
3034, 3346, 3343, 3343, 3346, 3580,
3037, 3329, 3341, 3341, 3329, 3570,
3037, 3341, 3350, 3350, 3341, 3578,
3037, 3350, 3351, 3351, 3350, 3583,
3037, 3351, 3329, 3329, 3351, 3569,
3038, 3336, 3328, 3328, 3336, 3567,
3038, 3328, 3351, 3351, 3328, 3569,
3038, 3351, 3349, 3349, 3351, 3583,
3038, 3349, 3336, 3336, 3349, 3575,
3041, 3332, 3345, 3345, 3332, 3572,
3041, 3345, 3353, 3353, 3345, 3581,
3041, 3353, 3354, 3354, 3353, 3584,
3041, 3354, 3332, 3332, 3354, 3571,
3042, 3339, 3331, 3331, 3339, 3570,
3042, 3331, 3354, 3354, 3331, 3571,
3042, 3354, 3352, 3352, 3354, 3584,
3042, 3352, 3339, 3339, 3352, 3577,
3043, 3358, 3355, 3355, 3358, 3586,
3043, 3355, 3356, 3356, 3355, 3587,
3043, 3356, 3357, 3357, 3356, 3585,
3043, 3357, 3358, 3358, 3357, 3588,
3044, 3361, 3359, 3359, 3361, 3589,
3044, 3359, 3357, 3357, 3359, 3588,
3044, 3357, 3360, 3360, 3357, 3585,
3044, 3360, 3361, 3361, 3360, 3590,
3045, 3363, 3362, 3362, 3363, 3591,
3045, 3362, 3360, 3360, 3362, 3590,
3045, 3360, 3356, 3356, 3360, 3585,
3045, 3356, 3363, 3363, 3356, 3587,
3049, 3367, 3366, 3366, 3367, 3586,
3049, 3366, 3365, 3365, 3366, 3594,
3049, 3365, 3364, 3364, 3365, 3592,
3049, 3364, 3367, 3367, 3364, 3593,
3051, 3371, 3369, 3369, 3371, 3589,
3051, 3369, 3368, 3368, 3369, 3596,
3051, 3368, 3370, 3370, 3368, 3595,
3051, 3370, 3371, 3371, 3370, 3597,
3055, 3375, 3373, 3373, 3375, 3591,
3055, 3373, 3372, 3372, 3373, 3599,
3055, 3372, 3374, 3374, 3372, 3598,
3055, 3374, 3375, 3375, 3374, 3600,
3060, 3355, 3367, 3367, 3355, 3586,
3060, 3367, 3377, 3377, 3367, 3593,
3060, 3377, 3378, 3378, 3377, 3601,
3060, 3378, 3355, 3355, 3378, 3587,
3061, 3373, 3363, 3363, 3373, 3591,
3061, 3363, 3378, 3378, 3363, 3587,
3061, 3378, 3376, 3376, 3378, 3601,
3061, 3376, 3373, 3373, 3376, 3599,
3064, 3359, 3371, 3371, 3359, 3589,
3064, 3371, 3380, 3380, 3371, 3597,
3064, 3380, 3381, 3381, 3380, 3602,
3064, 3381, 3359, 3359, 3381, 3588,
3065, 3366, 3358, 3358, 3366, 3586,
3065, 3358, 3381, 3381, 3358, 3588,
3065, 3381, 3379, 3379, 3381, 3602,
3065, 3379, 3366, 3366, 3379, 3594,
3068, 3362, 3375, 3375, 3362, 3591,
3068, 3375, 3383, 3383, 3375, 3600,
3068, 3383, 3384, 3384, 3383, 3603,
3068, 3384, 3362, 3362, 3384, 3590,
3069, 3369, 3361, 3361, 3369, 3589,
3069, 3361, 3384, 3384, 3361, 3590,
3069, 3384, 3382, 3382, 3384, 3603,
3069, 3382, 3369, 3369, 3382, 3596,
3070, 3388, 3385, 3385, 3388, 3605,
3070, 3385, 3386, 3386, 3385, 3606,
3070, 3386, 3387, 3387, 3386, 3604,
3070, 3387, 3388, 3388, 3387, 3607,
3071, 3391, 3389, 3389, 3391, 3608,
3071, 3389, 3387, 3387, 3389, 3607,
3071, 3387, 3390, 3390, 3387, 3604,
3071, 3390, 3391, 3391, 3390, 3609,
3072, 3394, 3392, 3392, 3394, 3610,
3072, 3392, 3390, 3390, 3392, 3609,
3072, 3390, 3393, 3393, 3390, 3604,
3072, 3393, 3394, 3394, 3393, 3611,
3073, 3397, 3395, 3395, 3397, 3612,
3073, 3395, 3393, 3393, 3395, 3611,
3073, 3393, 3396, 3396, 3393, 3604,
3073, 3396, 3397, 3397, 3396, 3613,
3074, 3399, 3398, 3398, 3399, 3614,
3074, 3398, 3396, 3396, 3398, 3613,
3074, 3396, 3386, 3386, 3396, 3604,
3074, 3386, 3399, 3399, 3386, 3606,
3078, 3403, 3402, 3402, 3403, 3605,
3078, 3402, 3401, 3401, 3402, 3617,
3078, 3401, 3400, 3400, 3401, 3615,
3078, 3400, 3403, 3403, 3400, 3616,
3080, 3407, 3405, 3405, 3407, 3608,
3080, 3405, 3404, 3404, 3405, 3619,
3080, 3404, 3406, 3406, 3404, 3618,
3080, 3406, 3407, 3407, 3406, 3620,
3084, 3411, 3409, 3409, 3411, 3610,
3084, 3409, 3408, 3408, 3409, 3622,
3084, 3408, 3410, 3410, 3408, 3621,
3084, 3410, 3411, 3411, 3410, 3623,
3088, 3415, 3413, 3413, 3415, 3612,
3088, 3413, 3412, 3412, 3413, 3625,
3088, 3412, 3414, 3414, 3412, 3624,
3088, 3414, 3415, 3415, 3414, 3626,
3092, 3419, 3417, 3417, 3419, 3614,
3092, 3417, 3416, 3416, 3417, 3628,
3092, 3416, 3418, 3418, 3416, 3627,
3092, 3418, 3419, 3419, 3418, 3629,
3097, 3385, 3403, 3403, 3385, 3605,
3097, 3403, 3421, 3421, 3403, 3616,
3097, 3421, 3422, 3422, 3421, 3630,
3097, 3422, 3385, 3385, 3422, 3606,
3098, 3417, 3399, 3399, 3417, 3614,
3098, 3399, 3422, 3422, 3399, 3606,
3098, 3422, 3420, 3420, 3422, 3630,
3098, 3420, 3417, 3417, 3420, 3628,
3101, 3389, 3407, 3407, 3389, 3608,
3101, 3407, 3424, 3424, 3407, 3620,
3101, 3424, 3425, 3425, 3424, 3631,
3101, 3425, 3389, 3389, 3425, 3607,
3102, 3402, 3388, 3388, 3402, 3605,
3102, 3388, 3425, 3425, 3388, 3607,
3102, 3425, 3423, 3423, 3425, 3631,
3102, 3423, 3402, 3402, 3423, 3617,
3105, 3392, 3411, 3411, 3392, 3610,
3105, 3411, 3427, 3427, 3411, 3623,
3105, 3427, 3428, 3428, 3427, 3632,
3105, 3428, 3392, 3392, 3428, 3609,
3106, 3405, 3391, 3391, 3405, 3608,
3106, 3391, 3428, 3428, 3391, 3609,
3106, 3428, 3426, 3426, 3428, 3632,
3106, 3426, 3405, 3405, 3426, 3619,
3109, 3395, 3415, 3415, 3395, 3612,
3109, 3415, 3430, 3430, 3415, 3626,
3109, 3430, 3431, 3431, 3430, 3633,
3109, 3431, 3395, 3395, 3431, 3611,
3110, 3409, 3394, 3394, 3409, 3610,
3110, 3394, 3431, 3431, 3394, 3611,
3110, 3431, 3429, 3429, 3431, 3633,
3110, 3429, 3409, 3409, 3429, 3622,
3113, 3398, 3419, 3419, 3398, 3614,
3113, 3419, 3433, 3433, 3419, 3629,
3113, 3433, 3434, 3434, 3433, 3634,
3113, 3434, 3398, 3398, 3434, 3613,
3114, 3413, 3397, 3397, 3413, 3612,
3114, 3397, 3434, 3434, 3397, 3613,
3114, 3434, 3432, 3432, 3434, 3634,
3114, 3432, 3413, 3413, 3432, 3625,
