0, 11, 22, 33, 1, 12, 23, 34, 2, 13, 24, 35, 3, 14, 25, 36,
1, 12, 23, 34, 2, 13, 24, 35, 3, 14, 25, 36, 4, 15, 26, 37,
2, 13, 24, 35, 3, 14, 25, 36, 4, 15, 26, 37, 5, 16, 27, 38,
3, 14, 25, 36, 4, 15, 26, 37, 5, 16, 27, 38, 6, 17, 28, 39,
4, 15, 26, 37, 5, 16, 27, 38, 6, 17, 28, 39, 7, 18, 29, 40,
5, 16, 27, 38, 6, 17, 28, 39, 7, 18, 29, 40, 8, 19, 30, 41,
6, 17, 28, 39, 7, 18, 29, 40, 8, 19, 30, 41, 9, 20, 31, 42,
7, 18, 29, 40, 8, 19, 30, 41, 9, 20, 31, 42, 10, 21, 32, 43,
11, 22, 33, 44, 12, 23, 34, 45, 13, 24, 35, 46, 14, 25, 36, 47,
12, 23, 34, 45, 13, 24, 35, 46, 14, 25, 36, 47, 15, 26, 37, 48,
13, 24, 35, 46, 14, 25, 36, 47, 15, 26, 37, 48, 16, 27, 38, 49,
18, 29, 40, 51, 19, 30, 41, 52, 20, 31, 42, 53, 21, 32, 43, 54,
22, 33, 44, 55, 23, 34, 45, 56, 24, 35, 46, 57, 25, 36, 47, 58,
23, 34, 45, 56, 24, 35, 46, 57, 25, 36, 47, 58, 26, 37, 48, 59,
24, 35, 46, 57, 25, 36, 47, 58, 26, 37, 48, 59, 27, 38, 49, 60,
29, 40, 51, 62, 30, 41, 52, 63, 31, 42, 53, 64, 32, 43, 54, 65,
33, 44, 55, 66, 34, 45, 56, 67, 35, 46, 57, 68, 36, 47, 58, 69,
34, 45, 56, 67, 35, 46, 57, 68, 36, 47, 58, 69, 37, 48, 59, 70,
35, 46, 57, 68, 36, 47, 58, 69, 37, 48, 59, 70, 38, 49, 60, 71,
40, 51, 62, 73, 41, 52, 63, 74, 42, 53, 64, 75, 43, 54, 65, 76,
44, 55, 66, 77, 45, 56, 67, 78, 46, 57, 68, 79, 47, 58, 69, 80,
45, 56, 67, 78, 46, 57, 68, 79, 47, 58, 69, 80, 48, 59, 70, 81,
46, 57, 68, 79, 47, 58, 69, 80, 48, 59, 70, 81, 49, 60, 71, 82,
50, 61, 72, 83, 51, 62, 73, 84, 52, 63, 74, 85, 53, 64, 75, 86,
51, 62, 73, 84, 52, 63, 74, 85, 53, 64, 75, 86, 54, 65, 76, 87,
55, 66, 77, 88, 56, 67, 78, 89, 57, 68, 79, 90, 58, 69, 80, 91,
56, 67, 78, 89, 57, 68, 79, 90, 58, 69, 80, 91, 59, 70, 81, 92,
57, 68, 79, 90, 58, 69, 80, 91, 59, 70, 81, 92, 60, 71, 82, 93,
61, 72, 83, 94, 62, 73, 84, 95, 63, 74, 85, 96, 64, 75, 86, 97,
62, 73, 84, 95, 63, 74, 85, 96, 64, 75, 86, 97, 65, 76, 87, 98,
66, 77, 88, 99, 67, 78, 89, 100, 68, 79, 90, 101, 69, 80, 91, 102,
67, 78, 89, 100, 68, 79, 90, 101, 69, 80, 91, 102, 70, 81, 92, 103,
68, 79, 90, 101, 69, 80, 91, 102, 70, 81, 92, 103, 71, 82, 93, 104,
69, 80, 91, 102, 70, 81, 92, 103, 71, 82, 93, 104, 72, 83, 94, 105,
70, 81, 92, 103, 71, 82, 93, 104, 72, 83, 94, 105, 73, 84, 95, 106,
71, 82, 93, 104, 72, 83, 94, 105, 73, 84, 95, 106, 74, 85, 96, 107,
72, 83, 94, 105, 73, 84, 95, 106, 74, 85, 96, 107, 75, 86, 97, 108,
73, 84, 95, 106, 74, 85, 96, 107, 75, 86, 97, 108, 76, 87, 98, 109,
77, 88, 99, 110, 78, 89, 100, 111, 79, 90, 101, 112, 80, 91, 102, 113,
78, 89, 100, 111, 79, 90, 101, 112, 80, 91, 102, 113, 81, 92, 103, 114,
79, 90, 101, 112, 80, 91, 102, 113, 81, 92, 103, 114, 82, 93, 104, 115,
80, 91, 102, 113, 81, 92, 103, 114, 82, 93, 104, 115, 83, 94, 105, 116,
81, 92, 103, 114, 82, 93, 104, 115, 83, 94, 105, 116, 84, 95, 106, 117,
82, 93, 104, 115, 83, 94, 105, 116, 84, 95, 106, 117, 85, 96, 107, 118,
83, 94, 105, 116, 84, 95, 106, 117, 85, 96, 107, 118, 86, 97, 108, 119,
84, 95, 106, 117, 85, 96, 107, 118, 86, 97, 108, 119, 87, 98, 109, 120,
-
332, 244, 325, 231, 245, 145, 232, 135, 331, 242, 324, 229, 243, 144, 230, 134,
331, 245, 332, 247, 242, 145, 244, 146, 324, 232, 325, 234, 229, 135, 231, 136,
324, 242, 331, 255, 232, 145, 245, 155, 325, 244, 332, 257, 234, 146, 247, 156,
325, 232, 324, 230, 244, 145, 242, 144, 332, 245, 331, 243, 257, 155, 255, 154,
333, 246, 326, 233, 247, 146, 234, 136, 332, 244, 325, 231, 245, 145, 232, 135,
332, 247, 333, 249, 244, 146, 246, 147, 325, 234, 326, 236, 231, 136, 233, 137,
325, 244, 332, 257, 234, 146, 247, 156, 326, 246, 333, 259, 236, 147, 249, 221,
326, 234, 325, 232, 246, 146, 244, 145, 333, 247, 332, 245, 259, 156, 257, 155,
334, 248, 327, 235, 249, 147, 236, 137, 333, 246, 326, 233, 247, 146, 234, 136,
333, 249, 334, 251, 246, 147, 248, 148, 326, 236, 327, 238, 233, 137, 235, 138,
326, 246, 333, 259, 236, 147, 249, 221, 327, 248, 334, 264, 238, 148, 251, 157,
327, 236, 326, 234, 248, 147, 246, 146, 334, 249, 333, 247, 264, 221, 259, 156,
335, 250, 328, 237, 251, 148, 238, 138, 334, 248, 327, 235, 249, 147, 236, 137,
334, 251, 335, 253, 248, 148, 250, 149, 327, 238, 328, 240, 235, 138, 237, 139,
327, 248, 334, 264, 238, 148, 251, 157, 328, 250, 335, 262, 240, 149, 253, 158,
328, 238, 327, 236, 250, 148, 248, 147, 335, 251, 334, 249, 262, 157, 264, 221,
339, 257, 332, 244, 258, 155, 245, 145, 338, 255, 331, 242, 256, 154, 243, 144,
338, 258, 339, 261, 255, 155, 257, 156, 331, 245, 332, 247, 242, 145, 244, 146,
331, 255, 338, 268, 245, 155, 258, 164, 332, 257, 339, 270, 247, 156, 261, 165,
332, 245, 331, 243, 257, 155, 255, 154, 339, 258, 338, 256, 270, 164, 268, 163,
342, 262, 335, 250, 263, 157, 251, 148, 341, 264, 334, 248, 259, 221, 249, 147,
341, 263, 342, 266, 264, 157, 262, 158, 334, 251, 335, 253, 248, 148, 250, 149,
334, 264, 341, 274, 251, 157, 263, 167, 335, 262, 342, 276, 253, 158, 266, 168,
346, 270, 339, 257, 271, 164, 258, 155, 345, 268, 338, 255, 269, 163, 256, 154,
345, 271, 346, 273, 268, 164, 270, 165, 338, 258, 339, 261, 255, 155, 257, 156,
339, 258, 338, 256, 270, 164, 268, 163, 346, 271, 345, 269, 283, 174, 281, 173,
347, 272, 340, 260, 273, 165, 261, 156, 346, 270, 339, 257, 271, 164, 258, 155,
339, 270, 346, 285, 261, 165, 273, 220, 340, 272, 347, 289, 260, 166, 275, 176,
340, 272, 347, 289, 260, 166, 275, 176, 341, 274, 348, 287, 263, 167, 277, 177,
341, 260, 340, 261, 274, 166, 272, 165, 348, 275, 347, 273, 287, 176, 289, 220,
348, 277, 349, 279, 274, 167, 276, 168, 341, 263, 342, 266, 264, 157, 262, 158,
341, 274, 348, 287, 263, 167, 277, 177, 342, 276, 349, 290, 266, 168, 279, 178,
342, 263, 341, 260, 276, 167, 274, 166, 349, 277, 348, 275, 290, 177, 287, 176,
353, 283, 346, 270, 284, 174, 271, 164, 352, 281, 345, 268, 282, 173, 269, 163,
345, 281, 352, 295, 271, 174, 284, 184, 346, 283, 353, 297, 285, 175, 286, 185,
346, 271, 345, 269, 283, 174, 281, 173, 353, 284, 352, 282, 297, 184, 295, 183,
355, 287, 348, 274, 288, 176, 275, 166, 354, 289, 347, 272, 285, 220, 273, 165,
354, 288, 355, 291, 289, 176, 287, 177, 347, 275, 348, 277, 272, 166, 274, 167,
347, 289, 354, 299, 275, 176, 288, 186, 348, 287, 355, 301, 277, 177, 291, 187,
360, 297, 353, 283, 298, 184, 284, 174, 359, 295, 352, 281, 296, 183, 282, 173,
359, 298, 360, 300, 295, 184, 297, 185, 352, 284, 353, 286, 281, 174, 283, 175,
352, 295, 359, 306, 284, 184, 298, 194, 353, 297, 360, 308, 286, 185, 300, 195,
353, 284, 352, 282, 297, 184, 295, 183, 360, 298, 359, 296, 308, 194, 306, 193,
361, 299, 354, 285, 300, 185, 286, 175, 360, 297, 353, 283, 298, 184, 284, 174,
353, 297, 360, 308, 286, 185, 300, 195, 354, 299, 361, 310, 288, 186, 302, 196,
354, 286, 353, 284, 299, 185, 297, 184, 361, 300, 360, 298, 310, 195, 308, 194,
361, 302, 362, 304, 299, 186, 301, 187, 354, 288, 355, 291, 289, 176, 287, 177,
354, 299, 361, 310, 288, 186, 302, 196, 355, 301, 362, 312, 291, 187, 304, 197,
355, 288, 354, 286, 301, 186, 299, 185, 362, 302, 361, 300, 312, 196, 310, 195,
-
689, 541, 723, 534, 560, 426, 553, 423, 672, 559, 693, 554, 568, 430, 555, 424,
672, 560, 689, 540, 559, 426, 541, 405, 693, 553, 723, 533, 554, 423, 534, 400,
693, 559, 672, 562, 553, 426, 560, 427, 723, 541, 689, 539, 533, 405, 540, 404,
695, 561, 724, 538, 562, 427, 539, 404, 672, 560, 689, 540, 559, 426, 541, 405,
672, 562, 695, 664, 560, 427, 561, 529, 689, 539, 724, 547, 540, 404, 538, 409,
689, 560, 672, 565, 539, 427, 562, 428, 724, 561, 695, 563, 547, 529, 664, 531,
696, 564, 730, 579, 565, 428, 563, 531, 672, 562, 695, 664, 560, 427, 561, 529,
695, 562, 672, 568, 563, 428, 565, 429, 730, 564, 696, 566, 600, 452, 599, 451,
697, 567, 729, 592, 568, 429, 566, 451, 672, 565, 696, 599, 562, 428, 564, 452,
696, 565, 672, 559, 566, 429, 568, 430, 729, 567, 697, 569, 592, 448, 591, 447,
693, 555, 728, 584, 559, 430, 569, 447, 672, 568, 697, 591, 565, 429, 567, 448,
672, 559, 693, 554, 568, 430, 555, 424, 697, 569, 728, 556, 591, 447, 584, 444,
697, 568, 672, 560, 569, 430, 559, 426, 728, 555, 693, 553, 556, 424, 554, 423,
730, 578, 699, 576, 579, 434, 577, 433, 700, 570, 673, 574, 571, 431, 572, 432,
700, 579, 730, 600, 570, 434, 578, 455, 673, 577, 699, 607, 574, 433, 576, 456,
699, 577, 673, 572, 578, 434, 570, 431, 730, 579, 700, 571, 563, 531, 666, 530,
733, 586, 702, 584, 587, 445, 585, 444, 703, 588, 674, 583, 589, 446, 582, 443,
703, 587, 733, 597, 588, 445, 586, 450, 674, 585, 702, 590, 583, 444, 584, 447,
702, 585, 674, 582, 586, 445, 588, 446, 733, 587, 703, 589, 618, 468, 617, 467,
729, 567, 697, 569, 592, 448, 591, 447, 704, 593, 675, 590, 594, 449, 596, 450,
704, 592, 729, 566, 593, 448, 567, 429, 675, 591, 697, 568, 590, 447, 569, 430,
697, 591, 675, 596, 567, 448, 593, 449, 729, 592, 704, 594, 566, 451, 598, 454,
733, 597, 705, 595, 586, 450, 596, 449, 702, 590, 675, 593, 584, 447, 591, 448,
702, 586, 733, 627, 590, 450, 597, 526, 675, 596, 705, 662, 593, 449, 595, 527,
705, 596, 675, 591, 597, 450, 590, 447, 733, 586, 702, 584, 587, 445, 585, 444,
729, 592, 704, 594, 566, 451, 598, 454, 696, 599, 676, 604, 564, 452, 601, 453,
696, 566, 729, 567, 599, 451, 592, 448, 676, 598, 704, 593, 604, 454, 594, 449,
704, 598, 676, 601, 592, 451, 599, 452, 729, 566, 696, 564, 567, 429, 565, 428,
730, 564, 696, 566, 600, 452, 599, 451, 706, 601, 676, 598, 602, 453, 604, 454,
706, 600, 730, 563, 601, 452, 564, 428, 676, 599, 696, 565, 598, 451, 566, 429,
696, 599, 676, 604, 564, 452, 601, 453, 730, 600, 706, 602, 578, 455, 606, 458,
730, 600, 706, 602, 578, 455, 606, 458, 699, 607, 677, 612, 576, 456, 609, 457,
699, 578, 730, 564, 607, 455, 600, 452, 677, 606, 706, 601, 612, 458, 602, 453,
706, 606, 677, 609, 600, 455, 607, 456, 730, 578, 699, 576, 579, 434, 577, 433,
733, 587, 703, 589, 618, 468, 617, 467, 711, 619, 678, 616, 620, 469, 622, 470,
711, 618, 733, 586, 619, 468, 587, 445, 678, 617, 703, 588, 616, 467, 589, 446,
703, 617, 678, 622, 587, 468, 619, 469, 733, 618, 711, 620, 627, 472, 626, 471,
711, 620, 738, 642, 626, 471, 625, 494, 679, 624, 714, 646, 628, 473, 630, 495,
679, 626, 711, 619, 624, 471, 620, 469, 714, 625, 738, 621, 646, 494, 642, 491,
714, 624, 679, 628, 625, 471, 626, 472, 738, 620, 711, 618, 621, 469, 619, 468,
713, 627, 733, 587, 628, 472, 618, 468, 679, 626, 711, 619, 624, 471, 620, 469,
711, 626, 679, 624, 618, 472, 628, 473, 733, 627, 713, 629, 597, 526, 661, 528,
714, 630, 739, 640, 624, 473, 629, 528, 679, 628, 713, 661, 626, 472, 627, 526,
713, 628, 679, 626, 629, 473, 624, 471, 739, 630, 714, 625, 647, 495, 646, 494,
739, 639, 716, 637, 640, 477, 638, 476, 717, 631, 680, 635, 632, 474, 633, 475,
717, 640, 739, 647, 631, 477, 639, 498, 680, 638, 716, 654, 635, 476, 637, 499,
716, 638, 680, 633, 639, 477, 631, 474, 739, 640, 717, 632, 629, 528, 663, 527,
739, 630, 714, 625, 647, 495, 646, 494, 719, 648, 682, 645, 649, 496, 651, 497,
719, 647, 739, 629, 648, 495, 630, 473, 682, 646, 714, 624, 645, 494, 625, 471,
714, 646, 682, 651, 630, 495, 648, 496, 739, 647, 719, 649, 639, 498, 653, 501,
739, 647, 719, 649, 639, 498, 653, 501, 716, 654, 683, 659, 637, 499, 656, 500,
716, 639, 739, 630, 654, 498, 647, 495, 683, 653, 719, 648, 659, 501, 649, 496,
719, 653, 683, 656, 647, 498, 654, 499, 739, 639, 716, 637, 640, 477, 638, 476,
705, 597, 733, 618, 662, 526, 627, 472, 684, 661, 713, 628, 663, 528, 629, 473,
713, 661, 684, 663, 627, 526, 662, 527, 733, 597, 705, 595, 586, 450, 596, 449,
717, 632, 734, 594, 663, 527, 595, 449, 684, 662, 705, 596, 661, 526, 597, 450,
684, 663, 717, 631, 662, 527, 632, 474, 705, 595, 734, 605, 596, 449, 594, 454,
705, 662, 684, 661, 595, 527, 663, 528, 734, 632, 717, 640, 605, 474, 631, 477,
713, 629, 739, 639, 661, 528, 640, 477, 684, 663, 717, 631, 662, 527, 632, 474,
717, 663, 684, 662, 640, 528, 661, 526, 739, 629, 713, 627, 630, 473, 628, 472,
691, 547, 724, 539, 665, 529, 561, 427, 685, 664, 695, 562, 666, 531, 563, 428,
685, 665, 691, 546, 664, 529, 547, 409, 695, 561, 724, 538, 562, 427, 539, 404,
695, 664, 685, 666, 561, 529, 665, 530, 724, 547, 691, 545, 538, 409, 546, 408,
700, 571, 725, 544, 666, 530, 545, 408, 685, 665, 691, 546, 664, 529, 547, 409,
685, 666, 700, 570, 665, 530, 571, 431, 691, 545, 725, 551, 546, 408, 544, 413,
691, 665, 685, 664, 545, 530, 666, 531, 725, 571, 700, 579, 551, 431, 570, 434,
695, 563, 730, 578, 664, 531, 579, 434, 685, 666, 700, 570, 665, 530, 571, 431,
700, 666, 685, 665, 579, 531, 664, 529, 730, 563, 695, 561, 564, 428, 562, 427,
-
1303, 993, 1244, 999, 994, 776, 992, 779, 1243, 995, 1212, 998, 996, 777, 997, 778,
1243, 994, 1303, 1001, 995, 776, 993, 780, 1212, 992, 1244, 1002, 998, 779, 999, 781,
1244, 992, 1212, 997, 993, 776, 995, 777, 1303, 994, 1243, 996, 1019, 792, 1028, 795,
1303, 1001, 1246, 1007, 993, 780, 1000, 783, 1244, 1002, 1213, 1005, 999, 781, 1003, 782,
1244, 993, 1303, 1009, 1002, 780, 1001, 784, 1213, 1000, 1246, 1010, 1005, 783, 1007, 785,
1246, 1000, 1213, 1003, 1001, 780, 1002, 781, 1303, 993, 1244, 999, 994, 776, 992, 779,
1303, 1009, 1249, 1017, 1001, 784, 1008, 787, 1246, 1010, 1214, 1015, 1007, 785, 1012, 786,
1246, 1001, 1303, 1019, 1010, 784, 1009, 788, 1214, 1008, 1249, 1020, 1015, 787, 1017, 789,
1249, 1008, 1214, 1012, 1009, 784, 1010, 785, 1303, 1001, 1246, 1007, 993, 780, 1000, 783,
1340, 1013, 1247, 1011, 1014, 786, 1012, 785, 1248, 1015, 1214, 1010, 1016, 787, 1008, 784,
1248, 1014, 1340, 1045, 1015, 786, 1013, 978, 1214, 1012, 1247, 1211, 1010, 785, 1011, 979,
1247, 1012, 1214, 1008, 1013, 786, 1015, 787, 1340, 1014, 1248, 1016, 1094, 850, 1093, 849,
1303, 1019, 1252, 1027, 1009, 788, 1018, 791, 1249, 1020, 1215, 1025, 1017, 789, 1022, 790,
1249, 1009, 1303, 994, 1020, 788, 1019, 792, 1215, 1018, 1252, 1029, 1025, 791, 1027, 793,
1252, 1018, 1215, 1022, 1019, 788, 1020, 789, 1303, 1009, 1249, 1017, 1001, 784, 1008, 787,
1339, 1023, 1250, 1021, 1024, 790, 1022, 789, 1251, 1025, 1215, 1020, 1026, 791, 1018, 788,
1251, 1024, 1339, 1068, 1025, 790, 1023, 846, 1215, 1022, 1250, 1088, 1020, 789, 1021, 847,
1250, 1022, 1215, 1018, 1023, 790, 1025, 791, 1339, 1024, 1251, 1026, 1068, 834, 1067, 833,
1303, 994, 1243, 996, 1019, 792, 1028, 795, 1252, 1029, 1216, 1033, 1027, 793, 1031, 794,
1252, 1019, 1303, 993, 1029, 792, 994, 776, 1216, 1028, 1243, 995, 1033, 795, 996, 777,
1243, 1028, 1216, 1031, 994, 792, 1029, 793, 1303, 1019, 1252, 1027, 1009, 788, 1018, 791,
1340, 1044, 1257, 1042, 1045, 810, 1043, 809, 1258, 1046, 1217, 1041, 1047, 811, 1040, 808,
1258, 1045, 1340, 1094, 1046, 810, 1044, 862, 1217, 1043, 1257, 1104, 1041, 809, 1042, 863,
1257, 1043, 1217, 1040, 1044, 810, 1046, 811, 1340, 1045, 1258, 1047, 1013, 978, 1210, 977,
1341, 1055, 1260, 1053, 1056, 822, 1054, 821, 1261, 1057, 1218, 1052, 1058, 823, 1050, 820,
1261, 1056, 1341, 1080, 1057, 822, 1055, 842, 1218, 1054, 1260, 1081, 1052, 821, 1053, 843,
1260, 1054, 1218, 1050, 1055, 822, 1057, 823, 1341, 1056, 1261, 1058, 1112, 882, 1111, 881,
1339, 1024, 1251, 1026, 1068, 834, 1067, 833, 1265, 1069, 1219, 1066, 1070, 835, 1064, 832,
1265, 1068, 1339, 1023, 1069, 834, 1024, 790, 1219, 1067, 1251, 1025, 1066, 833, 1026, 791,
1251, 1067, 1219, 1064, 1024, 834, 1069, 835, 1339, 1068, 1265, 1070, 1023, 846, 1087, 845,
1341, 1080, 1269, 1078, 1055, 842, 1079, 841, 1260, 1081, 1220, 1077, 1053, 843, 1076, 840,
1260, 1055, 1341, 1132, 1081, 842, 1080, 958, 1220, 1079, 1269, 1182, 1077, 841, 1078, 959,
1269, 1079, 1220, 1076, 1080, 842, 1081, 843, 1341, 1055, 1260, 1053, 1056, 822, 1054, 821,
1339, 1068, 1265, 1070, 1023, 846, 1087, 845, 1250, 1088, 1221, 1085, 1021, 847, 1082, 844,
1250, 1023, 1339, 1024, 1088, 846, 1068, 834, 1221, 1087, 1265, 1069, 1085, 845, 1070, 835,
1265, 1087, 1221, 1082, 1068, 846, 1088, 847, 1339, 1023, 1250, 1021, 1024, 790, 1022, 789,
1340, 1014, 1248, 1016, 1094, 850, 1093, 849, 1272, 1095, 1222, 1092, 1096, 851, 1090, 848,
1272, 1094, 1340, 1013, 1095, 850, 1014, 786, 1222, 1093, 1248, 1015, 1092, 849, 1016, 787,
1248, 1093, 1222, 1090, 1014, 850, 1095, 851, 1340, 1094, 1272, 1096, 1044, 862, 1103, 861,
1340, 1094, 1272, 1096, 1044, 862, 1103, 861, 1257, 1104, 1223, 1101, 1042, 863, 1098, 860,
1257, 1044, 1340, 1014, 1104, 862, 1094, 850, 1223, 1103, 1272, 1095, 1101, 861, 1096, 851,
1272, 1103, 1223, 1098, 1094, 862, 1104, 863, 1340, 1044, 1257, 1042, 1045, 810, 1043, 809,
1341, 1056, 1261, 1058, 1112, 882, 1111, 881, 1277, 1113, 1224, 1110, 1114, 883, 1108, 880,
1277, 1112, 1341, 1055, 1113, 882, 1056, 822, 1224, 1111, 1261, 1057, 1110, 881, 1058, 823,
1261, 1111, 1224, 1108, 1056, 882, 1113, 883, 1341, 1112, 1277, 1114, 1132, 898, 1131, 897,
1310, 1119, 1282, 1127, 1120, 892, 1118, 895, 1280, 1121, 1225, 1126, 1122, 893, 1124, 894,
1280, 1120, 1310, 1129, 1121, 892, 1119, 896, 1225, 1118, 1282, 1130, 1126, 895, 1127, 897,
1282, 1118, 1225, 1124, 1119, 892, 1121, 893, 1310, 1120, 1280, 1122, 1129, 900, 1136, 903,
1310, 1129, 1284, 1135, 1119, 896, 1128, 899, 1282, 1130, 1226, 1133, 1127, 897, 1131, 898,
1282, 1119, 1310, 1120, 1130, 896, 1129, 900, 1226, 1128, 1284, 1137, 1133, 899, 1135, 901,
1284, 1128, 1226, 1131, 1129, 896, 1130, 897, 1310, 1119, 1282, 1127, 1120, 892, 1118, 895,
1341, 1112, 1277, 1114, 1132, 898, 1131, 897, 1283, 1133, 1226, 1130, 1134, 899, 1128, 896,
1283, 1132, 1341, 1056, 1133, 898, 1112, 882, 1226, 1131, 1277, 1113, 1130, 897, 1114, 883,
1277, 1131, 1226, 1128, 1112, 898, 1133, 899, 1341, 1132, 1283, 1134, 1080, 958, 1181, 957,
1310, 1120, 1280, 1122, 1129, 900, 1136, 903, 1284, 1137, 1227, 1142, 1135, 901, 1139, 902,
1284, 1129, 1310, 1119, 1137, 900, 1120, 892, 1227, 1136, 1280, 1121, 1142, 903, 1122, 893,
1280, 1136, 1227, 1139, 1120, 900, 1137, 901, 1310, 1129, 1284, 1135, 1119, 896, 1128, 899,
1344, 1140, 1285, 1138, 1141, 902, 1139, 901, 1286, 1142, 1227, 1137, 1143, 903, 1136, 900,
1286, 1141, 1344, 1155, 1142, 902, 1140, 966, 1227, 1139, 1285, 1193, 1137, 901, 1138, 967,
1285, 1139, 1227, 1136, 1140, 902, 1142, 903, 1344, 1141, 1286, 1143, 1164, 930, 1163, 929,
1344, 1154, 1290, 1152, 1155, 918, 1153, 917, 1291, 1156, 1228, 1151, 1157, 919, 1150, 916,
1291, 1155, 1344, 1164, 1156, 918, 1154, 942, 1228, 1153, 1290, 1174, 1151, 917, 1152, 943,
1290, 1153, 1228, 1150, 1154, 918, 1156, 919, 1344, 1155, 1291, 1157, 1140, 966, 1192, 965,
1344, 1141, 1286, 1143, 1164, 930, 1163, 929, 1293, 1165, 1229, 1162, 1166, 931, 1160, 928,
1293, 1164, 1344, 1140, 1165, 930, 1141, 902, 1229, 1163, 1286, 1142, 1162, 929, 1143, 903,
1286, 1163, 1229, 1160, 1141, 930, 1165, 931, 1344, 1164, 1293, 1166, 1154, 942, 1173, 941,
1344, 1164, 1293, 1166, 1154, 942, 1173, 941, 1290, 1174, 1230, 1171, 1152, 943, 1168, 940,
1290, 1154, 1344, 1141, 1174, 942, 1164, 930, 1230, 1173, 1293, 1165, 1171, 941, 1166, 931,
1293, 1173, 1230, 1168, 1164, 942, 1174, 943, 1344, 1154, 1290, 1152, 1155, 918, 1153, 917,
1314, 1177, 1298, 1183, 1178, 956, 1176, 959, 1297, 1179, 1231, 1182, 1180, 957, 1181, 958,
1297, 1178, 1314, 1185, 1179, 956, 1177, 960, 1231, 1176, 1298, 1186, 1182, 959, 1183, 961,
1298, 1176, 1231, 1181, 1177, 956, 1179, 957, 1314, 1178, 1297, 1180, 1185, 964, 1190, 967,
1341, 1132, 1283, 1134, 1080, 958, 1181, 957, 1269, 1182, 1231, 1179, 1078, 959, 1176, 956,
1269, 1080, 1341, 1112, 1182, 958, 1132, 898, 1231, 1181, 1283, 1133, 1179, 957, 1134, 899,
1283, 1181, 1231, 1176, 1132, 958, 1182, 959, 1341, 1080, 1269, 1078, 1055, 842, 1079, 841,
1314, 1185, 1299, 1189, 1177, 960, 1184, 963, 1298, 1186, 1232, 1188, 1183, 961, 1187, 962,
1298, 1177, 1314, 1178, 1186, 960, 1185, 964, 1232, 1184, 1299, 1191, 1188, 963, 1189, 965,
1299, 1184, 1232, 1187, 1185, 960, 1186, 961, 1314, 1177, 1298, 1183, 1178, 956, 1176, 959,
1314, 1178, 1297, 1180, 1185, 964, 1190, 967, 1299, 1191, 1233, 1193, 1189, 965, 1192, 966,
1299, 1185, 1314, 1177, 1191, 964, 1178, 956, 1233, 1190, 1297, 1179, 1193, 967, 1180, 957,
1297, 1190, 1233, 1192, 1178, 964, 1191, 965, 1314, 1185, 1299, 1189, 1177, 960, 1184, 963,
1344, 1155, 1291, 1157, 1140, 966, 1192, 965, 1285, 1193, 1233, 1191, 1138, 967, 1190, 964,
1285, 1140, 1344, 1154, 1193, 966, 1155, 918, 1233, 1192, 1291, 1156, 1191, 965, 1157, 919,
1291, 1192, 1233, 1190, 1155, 966, 1193, 967, 1344, 1140, 1285, 1138, 1141, 902, 1139, 901,
1315, 1195, 1301, 1201, 1196, 968, 1194, 971, 1300, 1197, 1234, 1200, 1198, 969, 1199, 970,
1300, 1196, 1315, 1203, 1197, 968, 1195, 972, 1234, 1194, 1301, 1204, 1200, 971, 1201, 973,
1301, 1194, 1234, 1199, 1195, 968, 1197, 969, 1315, 1196, 1300, 1198, 1203, 976, 1208, 979,
1315, 1203, 1302, 1207, 1195, 972, 1202, 975, 1301, 1204, 1235, 1206, 1201, 973, 1205, 974,
1301, 1195, 1315, 1196, 1204, 972, 1203, 976, 1235, 1202, 1302, 1209, 1206, 975, 1207, 977,
1302, 1202, 1235, 1205, 1203, 972, 1204, 973, 1315, 1195, 1301, 1201, 1196, 968, 1194, 971,
1315, 1196, 1300, 1198, 1203, 976, 1208, 979, 1302, 1209, 1236, 1211, 1207, 977, 1210, 978,
1302, 1203, 1315, 1195, 1209, 976, 1196, 968, 1236, 1208, 1300, 1197, 1211, 979, 1198, 969,
1300, 1208, 1236, 1210, 1196, 976, 1209, 977, 1315, 1203, 1302, 1207, 1195, 972, 1202, 975,
1340, 1045, 1258, 1047, 1013, 978, 1210, 977, 1247, 1211, 1236, 1209, 1011, 979, 1208, 976,
1247, 1013, 1340, 1044, 1211, 978, 1045, 810, 1236, 1210, 1258, 1046, 1209, 977, 1047, 811,
1258, 1210, 1236, 1208, 1045, 978, 1211, 979, 1340, 1013, 1247, 1011, 1014, 786, 1012, 785,
-
2250, 1752, 2098, 1750, 1753, 1347, 1751, 1346, 2099, 1754, 2065, 1748, 1755, 1348, 1745, 1345,
2099, 1753, 2250, 1764, 1754, 1347, 1752, 1363, 2065, 1751, 2098, 1765, 1748, 1346, 1750, 1364,
2098, 1751, 2065, 1745, 1752, 1347, 1754, 1348, 2250, 1753, 2099, 1755, 1796, 1411, 1816, 1410,
2250, 1764, 2102, 1762, 1752, 1363, 1763, 1362, 2098, 1765, 2066, 1760, 1750, 1364, 1757, 1361,
2098, 1752, 2250, 1774, 1765, 1363, 1764, 1379, 2066, 1763, 2102, 1775, 1760, 1362, 1762, 1380,
2102, 1763, 2066, 1757, 1764, 1363, 1765, 1364, 2250, 1752, 2098, 1750, 1753, 1347, 1751, 1346,
2250, 1774, 2105, 1772, 1764, 1379, 1773, 1378, 2102, 1775, 2067, 1770, 1762, 1380, 1767, 1377,
2102, 1764, 2250, 1796, 1775, 1379, 1774, 1395, 2067, 1773, 2105, 1797, 1770, 1378, 1772, 1396,
2105, 1773, 2067, 1767, 1774, 1379, 1775, 1380, 2250, 1764, 2102, 1762, 1752, 1363, 1763, 1362,
2255, 1784, 2108, 1782, 1785, 1387, 1783, 1386, 2109, 1786, 2068, 1781, 1787, 1388, 1779, 1385,
2109, 1785, 2255, 1827, 1786, 1387, 1784, 1739, 2068, 1783, 2108, 2063, 1781, 1386, 1782, 1740,
2108, 1783, 2068, 1779, 1784, 1387, 1786, 1388, 2255, 1785, 2109, 1787, 1877, 1515, 1876, 1514,
2250, 1796, 2112, 1794, 1774, 1395, 1795, 1394, 2105, 1797, 2069, 1792, 1772, 1396, 1789, 1393,
2105, 1774, 2250, 1753, 1797, 1395, 1796, 1411, 2069, 1795, 2112, 1817, 1792, 1394, 1794, 1412,
2112, 1795, 2069, 1789, 1796, 1395, 1797, 1396, 2250, 1774, 2105, 1772, 1764, 1379, 1773, 1378,
2254, 1806, 2115, 1804, 1807, 1403, 1805, 1402, 2116, 1808, 2070, 1803, 1809, 1404, 1801, 1401,
2116, 1807, 2254, 1849, 1808, 1403, 1806, 1499, 2070, 1805, 2115, 1869, 1803, 1402, 1804, 1500,
2115, 1805, 2070, 1801, 1806, 1403, 1808, 1404, 2254, 1807, 2116, 1809, 1849, 1467, 1848, 1466,
2250, 1753, 2099, 1755, 1796, 1411, 1816, 1410, 2112, 1817, 2071, 1814, 1794, 1412, 1811, 1409,
2112, 1796, 2250, 1752, 1817, 1411, 1753, 1347, 2071, 1816, 2099, 1754, 1814, 1410, 1755, 1348,
2099, 1816, 2071, 1811, 1753, 1411, 1817, 1412, 2250, 1796, 2112, 1794, 1774, 1395, 1795, 1394,
2255, 1826, 2121, 1824, 1827, 1435, 1825, 1434, 2122, 1828, 2072, 1823, 1829, 1436, 1821, 1433,
2122, 1827, 2255, 1877, 1828, 1435, 1826, 1531, 2072, 1825, 2121, 1887, 1823, 1434, 1824, 1532,
2121, 1825, 2072, 1821, 1826, 1435, 1828, 1436, 2255, 1827, 2122, 1829, 1784, 1739, 2062, 1738,
2256, 1838, 2125, 1836, 1839, 1451, 1837, 1450, 2126, 1840, 2073, 1835, 1841, 1452, 1833, 1449,
2126, 1839, 2256, 1860, 1840, 1451, 1838, 1483, 2073, 1837, 2125, 1861, 1835, 1450, 1836, 1484,
2125, 1837, 2073, 1833, 1838, 1451, 1840, 1452, 2256, 1839, 2126, 1841, 1895, 1547, 1894, 1546,
2254, 1807, 2116, 1809, 1849, 1467, 1848, 1466, 2129, 1850, 2074, 1847, 1851, 1468, 1845, 1465,
2129, 1849, 2254, 1806, 1850, 1467, 1807, 1403, 2074, 1848, 2116, 1808, 1847, 1466, 1809, 1404,
2116, 1848, 2074, 1845, 1807, 1467, 1850, 1468, 2254, 1849, 2129, 1851, 1806, 1499, 1868, 1498,
2256, 1860, 2132, 1858, 1838, 1483, 1859, 1482, 2125, 1861, 2075, 1857, 1836, 1484, 1855, 1481,
2125, 1838, 2256, 1927, 1861, 1483, 1860, 1659, 2075, 1859, 2132, 1999, 1857, 1482, 1858, 1660,
2132, 1859, 2075, 1855, 1860, 1483, 1861, 1484, 2256, 1838, 2125, 1836, 1839, 1451, 1837, 1450,
2254, 1849, 2129, 1851, 1806, 1499, 1868, 1498, 2115, 1869, 2076, 1867, 1804, 1500, 1865, 1497,
2115, 1806, 2254, 1807, 1869, 1499, 1849, 1467, 2076, 1868, 2129, 1850, 1867, 1498, 1851, 1468,
2129, 1868, 2076, 1865, 1849, 1499, 1869, 1500, 2254, 1806, 2115, 1804, 1807, 1403, 1805, 1402,
2255, 1785, 2109, 1787, 1877, 1515, 1876, 1514, 2137, 1878, 2077, 1875, 1879, 1516, 1873, 1513,
2137, 1877, 2255, 1784, 1878, 1515, 1785, 1387, 2077, 1876, 2109, 1786, 1875, 1514, 1787, 1388,
2109, 1876, 2077, 1873, 1785, 1515, 1878, 1516, 2255, 1877, 2137, 1879, 1826, 1531, 1886, 1530,
2255, 1877, 2137, 1879, 1826, 1531, 1886, 1530, 2121, 1887, 2078, 1885, 1824, 1532, 1883, 1529,
2121, 1826, 2255, 1785, 1887, 1531, 1877, 1515, 2078, 1886, 2137, 1878, 1885, 1530, 1879, 1516,
2137, 1886, 2078, 1883, 1877, 1531, 1887, 1532, 2255, 1826, 2121, 1824, 1827, 1435, 1825, 1434,
2256, 1839, 2126, 1841, 1895, 1547, 1894, 1546, 2142, 1896, 2079, 1893, 1897, 1548, 1891, 1545,
2142, 1895, 2256, 1838, 1896, 1547, 1839, 1451, 2079, 1894, 2126, 1840, 1893, 1546, 1841, 1452,
2126, 1894, 2079, 1891, 1839, 1547, 1896, 1548, 2256, 1895, 2142, 1897, 1927, 1579, 1926, 1578,
2251, 1906, 2145, 1904, 1907, 1555, 1905, 1554, 2146, 1908, 2080, 1902, 1909, 1556, 1899, 1553,
2146, 1907, 2251, 1918, 1908, 1555, 1906, 1571, 2080, 1905, 2145, 1919, 1902, 1554, 1904, 1572,
2145, 1905, 2080, 1899, 1906, 1555, 1908, 1556, 2251, 1907, 2146, 1909, 1918, 1587, 1936, 1586,
2251, 1918, 2149, 1916, 1906, 1571, 1917, 1570, 2145, 1919, 2081, 1914, 1904, 1572, 1911, 1569,
2145, 1906, 2251, 1907, 1919, 1571, 1918, 1587, 2081, 1917, 2149, 1937, 1914, 1570, 1916, 1588,
2149, 1917, 2081, 1911, 1918, 1571, 1919, 1572, 2251, 1906, 2145, 1904, 1907, 1555, 1905, 1554,
2256, 1895, 2142, 1897, 1927, 1579, 1926, 1578, 2152, 1928, 2082, 1925, 1929, 1580, 1923, 1577,
2152, 1927, 2256, 1839, 1928, 1579, 1895, 1547, 2082, 1926, 2142, 1896, 1925, 1578, 1897, 1548,
2142, 1926, 2082, 1923, 1895, 1579, 1928, 1580, 2256, 1927, 2152, 1929, 1860, 1659, 1998, 1658,
2251, 1907, 2146, 1909, 1918, 1587, 1936, 1586, 2149, 1937, 2083, 1934, 1916, 1588, 1931, 1585,
2149, 1918, 2251, 1906, 1937, 1587, 1907, 1555, 2083, 1936, 2146, 1908, 1934, 1586, 1909, 1556,
2146, 1936, 2083, 1931, 1907, 1587, 1937, 1588, 2251, 1918, 2149, 1916, 1906, 1571, 1917, 1570,
2257, 1946, 2157, 1944, 1947, 1595, 1945, 1594, 2158, 1948, 2084, 1943, 1949, 1596, 1941, 1593,
2158, 1947, 2257, 1959, 1948, 1595, 1946, 1691, 2084, 1945, 2157, 2025, 1943, 1594, 1944, 1692,
2157, 1945, 2084, 1941, 1946, 1595, 1948, 1596, 2257, 1947, 2158, 1949, 1969, 1627, 1968, 1626,
2257, 1958, 2161, 1956, 1959, 1611, 1957, 1610, 2162, 1960, 2085, 1955, 1961, 1612, 1953, 1609,
2162, 1959, 2257, 1969, 1960, 1611, 1958, 1643, 2085, 1957, 2161, 1979, 1955, 1610, 1956, 1644,
2161, 1957, 2085, 1953, 1958, 1611, 1960, 1612, 2257, 1959, 2162, 1961, 1946, 1691, 2024, 1690,
2257, 1947, 2158, 1949, 1969, 1627, 1968, 1626, 2165, 1970, 2086, 1967, 1971, 1628, 1965, 1625,
2165, 1969, 2257, 1946, 1970, 1627, 1947, 1595, 2086, 1968, 2158, 1948, 1967, 1626, 1949, 1596,
2158, 1968, 2086, 1965, 1947, 1627, 1970, 1628, 2257, 1969, 2165, 1971, 1958, 1643, 1978, 1642,
2257, 1969, 2165, 1971, 1958, 1643, 1978, 1642, 2161, 1979, 2087, 1977, 1956, 1644, 1975, 1641,
2161, 1958, 2257, 1947, 1979, 1643, 1969, 1627, 2087, 1978, 2165, 1970, 1977, 1642, 1971, 1628,
2165, 1978, 2087, 1975, 1969, 1643, 1979, 1644, 2257, 1958, 2161, 1956, 1959, 1611, 1957, 1610,
2252, 1988, 2170, 1986, 1989, 1651, 1987, 1650, 2171, 1990, 2088, 1984, 1991, 1652, 1981, 1649,
2171, 1989, 2252, 2008, 1990, 1651, 1988, 1667, 2088, 1987, 2170, 2009, 1984, 1650, 1986, 1668,
2170, 1987, 2088, 1981, 1988, 1651, 1990, 1652, 2252, 1989, 2171, 1991, 2008, 1683, 2016, 1682,
2256, 1927, 2152, 1929, 1860, 1659, 1998, 1658, 2132, 1999, 2089, 1997, 1858, 1660, 1995, 1657,
2132, 1860, 2256, 1895, 1999, 1659, 1927, 1579, 2089, 1998, 2152, 1928, 1997, 1658, 1929, 1580,
2152, 1998, 2089, 1995, 1927, 1659, 1999, 1660, 2256, 1860, 2132, 1858, 1838, 1483, 1859, 1482,
2252, 2008, 2176, 2006, 1988, 1667, 2007, 1666, 2170, 2009, 2090, 2004, 1986, 1668, 2001, 1665,
2170, 1988, 2252, 1989, 2009, 1667, 2008, 1683, 2090, 2007, 2176, 2017, 2004, 1666, 2006, 1684,
2176, 2007, 2090, 2001, 2008, 1667, 2009, 1668, 2252, 1988, 2170, 1986, 1989, 1651, 1987, 1650,
2252, 1989, 2171, 1991, 2008, 1683, 2016, 1682, 2176, 2017, 2091, 2014, 2006, 1684, 2011, 1681,
2176, 2008, 2252, 1988, 2017, 1683, 1989, 1651, 2091, 2016, 2171, 1990, 2014, 1682, 1991, 1652,
2171, 2016, 2091, 2011, 1989, 1683, 2017, 1684, 2252, 2008, 2176, 2006, 1988, 1667, 2007, 1666,
2257, 1959, 2162, 1961, 1946, 1691, 2024, 1690, 2157, 2025, 2092, 2023, 1944, 1692, 2021, 1689,
2157, 1946, 2257, 1958, 2025, 1691, 1959, 1611, 2092, 2024, 2162, 1960, 2023, 1690, 1961, 1612,
2162, 2024, 2092, 2021, 1959, 1691, 2025, 1692, 2257, 1946, 2157, 1944, 1947, 1595, 1945, 1594,
2253, 2034, 2183, 2032, 2035, 1699, 2033, 1698, 2184, 2036, 2093, 2030, 2037, 1700, 2027, 1697,
2184, 2035, 2253, 2046, 2036, 1699, 2034, 1715, 2093, 2033, 2183, 2047, 2030, 1698, 2032, 1716,
2183, 2033, 2093, 2027, 2034, 1699, 2036, 1700, 2253, 2035, 2184, 2037, 2046, 1731, 2054, 1730,
2253, 2046, 2187, 2044, 2034, 1715, 2045, 1714, 2183, 2047, 2094, 2042, 2032, 1716, 2039, 1713,
2183, 2034, 2253, 2035, 2047, 1715, 2046, 1731, 2094, 2045, 2187, 2055, 2042, 1714, 2044, 1732,
2187, 2045, 2094, 2039, 2046, 1715, 2047, 1716, 2253, 2034, 2183, 2032, 2035, 1699, 2033, 1698,
2253, 2035, 2184, 2037, 2046, 1731, 2054, 1730, 2187, 2055, 2095, 2052, 2044, 1732, 2049, 1729,
2187, 2046, 2253, 2034, 2055, 1731, 2035, 1699, 2095, 2054, 2184, 2036, 2052, 1730, 2037, 1700,
2184, 2054, 2095, 2049, 2035, 1731, 2055, 1732, 2253, 2046, 2187, 2044, 2034, 1715, 2045, 1714,
2255, 1827, 2122, 1829, 1784, 1739, 2062, 1738, 2108, 2063, 2096, 2061, 1782, 1740, 2059, 1737,
2108, 1784, 2255, 1826, 2063, 1739, 1827, 1435, 2096, 2062, 2122, 1828, 2061, 1738, 1829, 1436,
2122, 2062, 2096, 2059, 1827, 1739, 2063, 1740, 2255, 1784, 2108, 1782, 1785, 1387, 1783, 1386,
-
-
