28102, 34499, 34500, 34500, 34499, 40892,
28118, 34511, 34512, 34512, 34511, 40924,
28134, 34523, 34499, 34499, 34523, 40892,
28150, 34500, 34523, 34523, 34500, 40892,
28166, 34541, 34542, 34542, 34541, 40893,
28182, 34553, 34541, 34541, 34553, 40893,
28198, 34542, 34553, 34553, 34542, 40893,
28214, 34571, 34572, 34572, 34571, 40925,
28230, 34583, 34584, 34584, 34583, 40894,
28246, 34595, 34583, 34583, 34595, 40894,
28262, 34584, 34595, 34595, 34584, 40894,
28278, 34512, 34612, 34612, 34512, 40924,
28294, 34623, 34624, 34624, 34623, 40895,
28310, 34635, 34571, 34571, 34635, 40925,
28326, 34645, 34623, 34623, 34645, 40895,
28342, 34624, 34645, 34645, 34624, 40895,
28358, 34663, 34664, 34664, 34663, 40896,
28374, 34612, 34674, 34674, 34612, 40924,
28390, 34685, 34663, 34663, 34685, 40896,
28406, 34664, 34685, 34685, 34664, 40896,
28422, 34703, 34704, 34704, 34703, 40897,
28438, 34715, 34703, 34703, 34715, 40897,
28454, 34704, 34715, 34715, 34704, 40897,
28470, 34733, 34635, 34635, 34733, 40925,
28486, 34743, 34744, 34744, 34743, 40898,
28502, 34674, 34754, 34754, 34674, 40924,
28518, 34765, 34743, 34743, 34765, 40898,
28534, 34744, 34765, 34765, 34744, 40898,
28550, 34783, 34784, 34784, 34783, 40899,
28566, 34795, 34783, 34783, 34795, 40899,
28582, 34784, 34795, 34795, 34784, 40899,
28598, 34813, 34733, 34733, 34813, 40925,
28614, 34823, 34824, 34824, 34823, 40900,
28630, 34754, 34834, 34834, 34754, 40924,
28646, 34845, 34823, 34823, 34845, 40900,
28662, 34824, 34845, 34845, 34824, 40900,
28678, 34863, 34864, 34864, 34863, 40901,
28694, 34875, 34863, 34863, 34875, 40901,
28710, 34864, 34875, 34875, 34864, 40901,
28726, 34893, 34813, 34813, 34893, 40925,
28742, 34903, 34904, 34904, 34903, 40902,
28758, 34834, 34914, 34914, 34834, 40924,
28774, 34925, 34903, 34903, 34925, 40902,
28790, 34904, 34925, 34925, 34904, 40902,
28806, 34943, 34944, 34944, 34943, 40903,
28822, 34955, 34943, 34943, 34955, 40903,
28838, 34944, 34955, 34955, 34944, 40903,
28854, 34973, 34893, 34893, 34973, 40925,
28870, 34983, 34984, 34984, 34983, 40904,
28886, 34914, 34994, 34994, 34914, 40924,
28902, 35005, 34983, 34983, 35005, 40904,
28918, 34984, 35005, 35005, 34984, 40904,
28934, 35023, 35024, 35024, 35023, 40905,
28950, 35035, 35023, 35023, 35035, 40905,
28966, 35024, 35035, 35035, 35024, 40905,
28982, 35053, 34973, 34973, 35053, 40925,
28998, 35063, 35064, 35064, 35063, 40906,
29014, 34994, 34511, 34511, 34994, 40924,
29030, 35083, 35063, 35063, 35083, 40906,
29046, 35064, 35083, 35083, 35064, 40906,
29062, 35101, 35102, 35102, 35101, 40907,
29078, 35113, 35101, 35101, 35113, 40907,
29094, 35102, 35113, 35113, 35102, 40907,
29110, 34572, 35053, 35053, 34572, 40925,
29126, 35139, 35140, 35140, 35139, 40934,
29142, 35151, 35152, 35152, 35151, 40935,
29158, 35163, 35164, 35164, 35163, 40926,
29174, 35175, 35163, 35163, 35175, 40926,
29190, 35185, 35139, 35139, 35185, 40934,
29206, 35152, 35194, 35194, 35152, 40935,
29222, 35205, 35206, 35206, 35205, 40936,
29238, 35217, 35185, 35185, 35217, 40934,
29254, 35227, 35228, 35228, 35227, 40936,
29270, 35194, 35238, 35238, 35194, 40935,
29286, 35164, 35248, 35248, 35164, 40926,
29302, 35259, 35175, 35175, 35259, 40926,
29318, 35248, 35268, 35268, 35248, 40926,
29334, 35268, 35259, 35259, 35268, 40926,
29350, 35287, 35205, 35205, 35287, 40936,
29366, 35228, 35287, 35287, 35228, 40936,
29382, 35305, 35306, 35306, 35305, 40928,
29398, 35317, 35318, 35318, 35317, 40929,
29414, 35329, 35305, 35305, 35329, 40928,
29430, 35318, 35338, 35338, 35318, 40929,
29446, 35349, 35350, 35350, 35349, 40932,
29462, 35361, 35362, 35362, 35361, 40933,
29478, 35373, 35329, 35329, 35373, 40928,
29494, 35338, 35382, 35382, 35338, 40929,
29510, 35393, 35394, 35394, 35393, 40932,
29526, 35405, 35406, 35406, 35405, 40933,
29542, 35417, 35418, 35418, 35417, 40931,
29558, 35429, 35430, 35430, 35429, 40931,
29574, 35441, 35442, 35442, 35441, 40930,
29590, 35418, 35452, 35452, 35418, 40931,
29606, 35442, 35441, 35441, 35442, 40930,
29622, 35452, 35429, 35429, 35452, 40931,
29638, 35350, 35393, 35393, 35350, 40932,
29654, 35406, 35361, 35361, 35406, 40933,
29670, 35495, 35496, 35496, 35495, 40942,
29686, 35507, 35508, 35508, 35507, 40943,
29702, 35519, 35520, 35520, 35519, 40937,
29718, 35531, 35532, 35532, 35531, 40938,
29734, 35543, 35544, 35544, 35543, 40939,
29750, 35555, 35519, 35519, 35555, 40937,
29766, 35532, 35564, 35564, 35532, 40938,
29782, 35575, 35576, 35576, 35575, 40940,
29798, 35587, 35588, 35588, 35587, 40941,
29814, 35599, 35543, 35543, 35599, 40939,
29830, 35576, 35608, 35608, 35576, 40940,
29846, 35619, 35587, 35587, 35619, 40941,
29862, 35629, 35495, 35495, 35629, 40942,
29878, 35508, 35638, 35638, 35508, 40943,
29894, 35520, 35648, 35648, 35520, 40937,
29910, 35608, 35575, 35575, 35608, 40940,
29926, 35564, 35531, 35531, 35564, 40938,
29942, 35588, 35619, 35619, 35588, 40941,
29958, 35683, 35555, 35555, 35683, 40937,
29974, 35544, 35599, 35599, 35544, 40939,
29990, 35648, 35700, 35700, 35648, 40937,
30006, 35496, 35629, 35629, 35496, 40942,
30022, 35638, 35507, 35507, 35638, 40943,
30038, 35700, 35683, 35683, 35700, 40937,
30054, 35735, 35417, 35417, 35735, 40931,
30070, 35745, 35217, 35217, 35745, 40934,
30086, 35206, 35754, 35754, 35206, 40936,
30102, 35238, 35764, 35764, 35238, 40935,
30118, 35430, 35735, 35735, 35430, 40931,
30134, 35754, 35227, 35227, 35754, 40936,
30150, 35791, 35745, 35745, 35791, 40934,
30166, 35764, 35800, 35800, 35764, 40935,
30182, 35394, 35810, 35810, 35394, 40932,
30198, 35821, 35405, 35405, 35821, 40933,
30214, 35810, 35349, 35349, 35810, 40932,
30230, 35362, 35821, 35821, 35362, 40933,
30246, 35140, 35791, 35791, 35140, 40934,
30262, 35800, 35151, 35151, 35800, 40935,
30278, 35863, 35373, 35373, 35863, 40928,
30294, 35382, 35872, 35872, 35382, 40929,
30310, 35306, 35863, 35863, 35306, 40928,
30326, 35872, 35317, 35317, 35872, 40929,
30342, 35899, 35900, 35900, 35899, 40944,
30358, 35911, 35912, 35912, 35911, 40945,
30374, 35923, 35899, 35899, 35923, 40944,
30390, 35912, 35932, 35932, 35912, 40945,
30406, 35943, 35944, 35944, 35943, 40908,
30422, 35955, 35943, 35943, 35955, 40908,
30438, 35944, 35955, 35955, 35944, 40908,
30454, 35900, 35923, 35923, 35900, 40944,
30470, 35981, 35982, 35982, 35981, 40909,
30486, 35932, 35911, 35911, 35932, 40945,
30502, 36001, 35981, 35981, 36001, 40909,
30518, 35982, 36001, 36001, 35982, 40909,
30534, 36019, 36020, 36020, 36019, 40946,
30550, 36031, 36032, 36032, 36031, 40947,
30566, 36043, 36044, 36044, 36043, 40948,
30582, 36055, 36019, 36019, 36055, 40946,
30598, 36065, 36066, 36066, 36065, 40949,
30614, 36032, 36076, 36076, 36032, 40947,
30630, 36087, 36088, 36088, 36087, 40950,
30646, 36099, 36043, 36043, 36099, 40948,
30662, 36109, 36110, 36110, 36109, 40951,
30678, 36066, 36120, 36120, 36066, 40949,
30694, 36131, 36132, 36132, 36131, 40952,
30710, 36143, 36087, 36087, 36143, 40950,
30726, 36153, 36154, 36154, 36153, 40953,
30742, 36110, 36164, 36164, 36110, 40951,
30758, 36175, 36131, 36131, 36175, 40952,
30774, 36154, 36184, 36184, 36154, 40953,
30790, 36195, 36196, 36196, 36195, 40954,
30806, 36207, 36208, 36208, 36207, 40955,
30822, 36219, 36220, 36220, 36219, 40964,
30838, 36231, 36232, 36232, 36231, 40965,
30854, 36220, 36242, 36242, 36220, 40964,
30870, 36253, 36231, 36231, 36253, 40965,
30886, 36242, 36219, 36219, 36242, 40964,
30902, 36232, 36253, 36253, 36232, 40965,
30918, 36279, 36280, 36280, 36279, 40966,
30934, 36291, 36292, 36292, 36291, 40967,
30950, 36303, 36279, 36279, 36303, 40966,
30966, 36292, 36312, 36312, 36292, 40967,
30982, 36323, 36324, 36324, 36323, 40968,
30998, 36335, 36336, 36336, 36335, 40969,
31014, 36324, 36346, 36346, 36324, 40968,
31030, 36357, 36195, 36195, 36357, 40954,
31046, 36208, 36366, 36366, 36208, 40955,
31062, 36377, 36335, 36335, 36377, 40969,
31078, 36387, 36388, 36388, 36387, 40970,
31094, 36399, 36400, 36400, 36399, 40971,
31110, 36388, 36410, 36410, 36388, 40970,
31126, 36421, 36399, 36399, 36421, 40971,
31142, 36410, 36430, 36430, 36410, 40970,
31158, 36441, 36303, 36303, 36441, 40966,
31174, 36451, 36421, 36421, 36451, 40971,
31190, 36312, 36460, 36460, 36312, 40967,
31206, 36471, 36472, 36472, 36471, 40960,
31222, 36483, 36484, 36484, 36483, 40961,
31238, 36495, 36496, 36496, 36495, 40972,
31254, 36507, 36508, 36508, 36507, 40973,
31270, 36519, 36520, 36520, 36519, 40958,
31286, 36496, 36530, 36530, 36496, 40972,
31302, 36541, 36542, 36542, 36541, 40959,
31318, 36553, 36507, 36507, 36553, 40973,
31334, 36563, 36175, 36175, 36563, 40952,
31350, 36184, 36572, 36572, 36184, 40953,
31366, 36583, 36584, 36584, 36583, 40927,
31382, 36595, 36583, 36583, 36595, 40927,
31398, 36605, 36055, 36055, 36605, 40946,
31414, 36044, 36099, 36099, 36044, 40948,
31430, 36088, 36143, 36143, 36088, 40950,
31446, 36132, 36630, 36630, 36132, 40952,
31462, 36164, 36109, 36109, 36164, 40951,
31478, 36120, 36065, 36065, 36120, 40949,
31494, 36076, 36656, 36656, 36076, 40947,
31510, 36667, 36153, 36153, 36667, 40953,
31526, 36677, 36605, 36605, 36677, 40946,
31542, 36630, 36563, 36563, 36630, 40952,
31558, 36584, 36694, 36694, 36584, 40927,
31574, 36572, 36667, 36667, 36572, 40953,
31590, 36656, 36712, 36712, 36656, 40947,
31606, 36723, 36595, 36595, 36723, 40927,
31622, 36733, 36734, 36734, 36733, 40910,
31638, 36745, 36733, 36733, 36745, 40910,
31654, 36020, 36677, 36677, 36020, 40946,
31670, 36734, 36745, 36745, 36734, 40910,
31686, 36694, 36770, 36770, 36694, 40927,
31702, 36781, 36782, 36782, 36781, 40911,
31718, 36770, 36723, 36723, 36770, 40927,
31734, 36801, 36781, 36781, 36801, 40911,
31750, 36712, 36031, 36031, 36712, 40947,
31766, 36782, 36801, 36801, 36782, 40911,
31782, 36827, 36828, 36828, 36827, 40956,
31798, 36839, 36840, 36840, 36839, 40957,
31814, 36828, 36850, 36850, 36828, 40956,
31830, 36861, 36862, 36862, 36861, 40976,
31846, 36873, 36874, 36874, 36873, 40977,
31862, 36885, 36839, 36839, 36885, 40957,
31878, 36895, 36519, 36519, 36895, 40958,
31894, 36530, 36495, 36495, 36530, 40972,
31910, 36862, 36912, 36912, 36862, 40976,
31926, 36508, 36553, 36553, 36508, 40973,
31942, 36542, 36930, 36930, 36542, 40959,
31958, 36941, 36873, 36873, 36941, 40977,
31974, 36951, 36387, 36387, 36951, 40970,
31990, 36961, 36962, 36962, 36961, 40978,
32006, 36400, 36972, 36972, 36400, 40971,
32022, 36983, 36984, 36984, 36983, 40979,
32038, 36995, 36996, 36996, 36995, 40960,
32054, 37007, 36961, 36961, 37007, 40978,
32070, 37017, 37018, 37018, 37017, 40962,
32086, 36984, 37028, 37028, 36984, 40979,
32102, 37039, 37040, 37040, 37039, 40961,
32118, 37051, 37052, 37052, 37051, 40963,
32134, 36196, 37062, 37062, 36196, 40954,
32150, 37073, 37007, 37007, 37073, 40978,
32166, 36996, 36471, 36471, 36996, 40960,
32182, 37028, 37090, 37090, 37028, 40979,
32198, 37101, 36207, 36207, 37101, 40955,
32214, 36484, 37039, 37039, 36484, 40961,
32230, 37062, 37118, 37118, 37062, 40954,
32246, 36280, 37128, 37128, 36280, 40966,
32262, 37139, 37073, 37073, 37139, 40978,
32278, 37149, 36291, 36291, 37149, 40967,
32294, 37159, 37101, 37101, 37159, 40955,
32310, 37090, 37168, 37168, 37090, 40979,
32326, 37179, 37180, 37180, 37179, 40912,
32342, 37128, 36441, 36441, 37128, 40966,
32358, 37199, 37179, 37179, 37199, 40912,
32374, 36430, 36951, 36951, 36430, 40970,
32390, 37180, 37199, 37199, 37180, 40912,
32406, 36962, 37139, 37139, 36962, 40978,
32422, 37233, 37234, 37234, 37233, 40913,
32438, 37168, 36983, 36983, 37168, 40979,
32454, 37253, 37233, 37233, 37253, 40913,
32470, 36972, 36451, 36451, 36972, 40971,
32486, 37234, 37253, 37253, 37234, 40913,
32502, 36460, 37149, 37149, 36460, 40967,
32518, 37287, 37288, 37288, 37287, 40914,
32534, 37118, 36357, 36357, 37118, 40954,
32550, 37307, 37287, 37287, 37307, 40914,
32566, 36346, 36323, 36323, 36346, 40968,
32582, 37288, 37307, 37307, 37288, 40914,
32598, 37333, 37334, 37334, 37333, 40915,
32614, 37345, 37333, 37333, 37345, 40915,
32630, 36336, 36377, 36377, 36336, 40969,
32646, 37334, 37345, 37345, 37334, 40915,
32662, 36366, 37159, 37159, 36366, 40955,
32678, 36520, 37378, 37378, 36520, 40958,
32694, 37389, 37390, 37390, 37389, 40974,
32710, 37401, 37402, 37402, 37401, 40975,
32726, 37413, 36541, 36541, 37413, 40959,
32742, 37390, 37422, 37422, 37390, 40974,
32758, 37433, 37401, 37401, 37433, 40975,
32774, 37443, 37017, 37017, 37443, 40962,
32790, 37453, 37389, 37389, 37453, 40974,
32806, 37402, 37462, 37462, 37402, 40975,
32822, 37052, 37472, 37472, 37052, 40963,
32838, 37483, 37453, 37453, 37483, 40974,
32854, 37462, 37492, 37492, 37462, 40975,
32870, 37503, 37504, 37504, 37503, 40916,
32886, 37515, 37503, 37503, 37515, 40916,
32902, 37422, 37483, 37483, 37422, 40974,
32918, 37504, 37515, 37515, 37504, 40916,
32934, 37541, 37542, 37542, 37541, 40917,
32950, 37553, 37541, 37541, 37553, 40917,
32966, 37492, 37433, 37433, 37492, 40975,
32982, 37542, 37553, 37553, 37542, 40917,
32998, 37579, 36995, 36995, 37579, 40960,
33014, 37018, 37588, 37588, 37018, 40962,
33030, 37599, 37600, 37600, 37599, 40982,
33046, 37611, 37612, 37612, 37611, 40983,
33062, 37623, 37051, 37051, 37623, 40963,
33078, 37040, 37632, 37632, 37040, 40961,
33094, 37588, 37642, 37642, 37588, 40962,
33110, 37653, 37599, 37599, 37653, 40982,
33126, 37663, 37623, 37623, 37663, 40963,
33142, 37612, 37672, 37672, 37612, 40983,
33158, 36472, 37579, 37579, 36472, 40960,
33174, 37691, 36827, 36827, 37691, 40956,
33190, 37632, 36483, 36483, 37632, 40961,
33206, 36840, 37708, 37708, 36840, 40957,
33222, 37719, 37720, 37720, 37719, 40976,
33238, 37731, 37732, 37732, 37731, 40977,
33254, 37743, 37653, 37653, 37743, 40982,
33270, 37672, 37752, 37752, 37672, 40983,
33286, 37763, 37764, 37764, 37763, 40984,
33302, 37775, 37743, 37743, 37775, 40982,
33318, 37752, 37784, 37784, 37752, 40983,
33334, 37795, 37796, 37796, 37795, 40985,
33350, 37807, 37763, 37763, 37807, 40984,
33366, 37817, 37818, 37818, 37817, 40980,
33382, 37796, 37828, 37828, 37796, 40985,
33398, 37839, 37840, 37840, 37839, 40981,
33414, 37851, 37807, 37807, 37851, 40984,
33430, 37828, 37860, 37860, 37828, 40985,
33446, 36850, 37870, 37870, 36850, 40956,
33462, 37720, 36861, 36861, 37720, 40976,
33478, 37889, 36885, 36885, 37889, 40957,
33494, 36874, 37731, 37731, 36874, 40977,
33510, 37870, 37691, 37691, 37870, 40956,
33526, 37915, 37851, 37851, 37915, 40984,
33542, 37860, 37924, 37924, 37860, 40985,
33558, 37708, 37889, 37889, 37708, 40957,
33574, 37943, 37944, 37944, 37943, 40918,
33590, 37955, 37943, 37943, 37955, 40918,
33606, 37600, 37775, 37775, 37600, 40982,
33622, 37944, 37955, 37955, 37944, 40918,
33638, 37764, 37915, 37915, 37764, 40984,
33654, 37989, 37990, 37990, 37989, 40919,
33670, 37924, 37795, 37795, 37924, 40985,
33686, 38009, 37989, 37989, 38009, 40919,
33702, 37784, 37611, 37611, 37784, 40983,
33718, 37990, 38009, 38009, 37990, 40919,
33734, 38035, 38036, 38036, 38035, 40988,
33750, 38047, 38048, 38048, 38047, 40989,
33766, 37818, 38058, 38058, 37818, 40980,
33782, 38069, 38035, 38035, 38069, 40988,
33798, 38079, 37839, 37839, 38079, 40981,
33814, 38048, 38088, 38088, 38048, 40989,
33830, 38058, 37817, 37817, 38058, 40980,
33846, 37840, 38079, 38079, 37840, 40981,
33862, 38115, 38116, 38116, 38115, 40986,
33878, 38127, 38128, 38128, 38127, 40987,
33894, 38139, 38115, 38115, 38139, 40986,
33910, 38128, 38148, 38148, 38128, 40987,
33926, 38159, 38160, 38160, 38159, 40990,
33942, 38171, 38172, 38172, 38171, 40991,
33958, 38036, 38069, 38069, 38036, 40988,
33974, 38088, 38047, 38047, 38088, 40989,
33990, 38116, 38139, 38139, 38116, 40986,
34006, 38148, 38127, 38127, 38148, 40987,
34022, 38215, 38159, 38159, 38215, 40990,
34038, 38172, 38224, 38224, 38172, 40991,
34054, 38160, 38215, 38215, 38160, 40990,
34070, 38224, 38171, 38171, 38224, 40991,
34086, 38251, 38252, 38252, 38251, 40920,
34102, 38263, 38251, 38251, 38263, 40920,
34118, 38252, 38263, 38263, 38252, 40920,
34134, 38281, 38282, 38282, 38281, 40921,
34150, 38293, 38281, 38281, 38293, 40921,
34166, 38282, 38293, 38293, 38282, 40921,
34182, 38311, 38312, 38312, 38311, 40992,
34198, 38323, 38324, 38324, 38323, 40993,
34214, 38312, 38334, 38334, 38312, 40992,
34230, 38345, 38323, 38323, 38345, 40993,
34246, 38355, 38356, 38356, 38355, 40922,
34262, 38367, 38355, 38355, 38367, 40922,
34278, 38334, 38311, 38311, 38334, 40992,
34294, 38356, 38367, 38367, 38356, 40922,
34310, 38393, 38394, 38394, 38393, 40923,
34326, 38405, 38393, 38393, 38405, 40923,
34342, 38324, 38345, 38345, 38324, 40993,
34358, 38394, 38405, 38405, 38394, 40923,
34374, 38431, 36895, 36895, 38431, 40958,
34390, 36912, 37719, 37719, 36912, 40976,
34406, 37732, 36941, 36941, 37732, 40977,
34422, 36930, 38456, 38456, 36930, 40959,
34438, 37378, 38431, 38431, 37378, 40958,
34454, 38456, 37413, 37413, 38456, 40959,
34470, 37642, 37443, 37443, 37642, 40962,
34486, 37472, 37663, 37663, 37472, 40963,
