41004, 47401, 47402, 47402, 47401, 53794,
41020, 47413, 47414, 47414, 47413, 53826,
41036, 47425, 47401, 47401, 47425, 53794,
41052, 47402, 47425, 47425, 47402, 53794,
41068, 47443, 47444, 47444, 47443, 53795,
41084, 47455, 47443, 47443, 47455, 53795,
41100, 47444, 47455, 47455, 47444, 53795,
41116, 47473, 47474, 47474, 47473, 53827,
41132, 47485, 47486, 47486, 47485, 53796,
41148, 47497, 47485, 47485, 47497, 53796,
41164, 47486, 47497, 47497, 47486, 53796,
41180, 47414, 47514, 47514, 47414, 53826,
41196, 47525, 47526, 47526, 47525, 53797,
41212, 47537, 47473, 47473, 47537, 53827,
41228, 47547, 47525, 47525, 47547, 53797,
41244, 47526, 47547, 47547, 47526, 53797,
41260, 47565, 47566, 47566, 47565, 53798,
41276, 47514, 47576, 47576, 47514, 53826,
41292, 47587, 47565, 47565, 47587, 53798,
41308, 47566, 47587, 47587, 47566, 53798,
41324, 47605, 47606, 47606, 47605, 53799,
41340, 47617, 47605, 47605, 47617, 53799,
41356, 47606, 47617, 47617, 47606, 53799,
41372, 47635, 47537, 47537, 47635, 53827,
41388, 47645, 47646, 47646, 47645, 53800,
41404, 47576, 47656, 47656, 47576, 53826,
41420, 47667, 47645, 47645, 47667, 53800,
41436, 47646, 47667, 47667, 47646, 53800,
41452, 47685, 47686, 47686, 47685, 53801,
41468, 47697, 47685, 47685, 47697, 53801,
41484, 47686, 47697, 47697, 47686, 53801,
41500, 47715, 47635, 47635, 47715, 53827,
41516, 47725, 47726, 47726, 47725, 53802,
41532, 47656, 47736, 47736, 47656, 53826,
41548, 47747, 47725, 47725, 47747, 53802,
41564, 47726, 47747, 47747, 47726, 53802,
41580, 47765, 47766, 47766, 47765, 53803,
41596, 47777, 47765, 47765, 47777, 53803,
41612, 47766, 47777, 47777, 47766, 53803,
41628, 47795, 47715, 47715, 47795, 53827,
41644, 47805, 47806, 47806, 47805, 53804,
41660, 47736, 47816, 47816, 47736, 53826,
41676, 47827, 47805, 47805, 47827, 53804,
41692, 47806, 47827, 47827, 47806, 53804,
41708, 47845, 47846, 47846, 47845, 53805,
41724, 47857, 47845, 47845, 47857, 53805,
41740, 47846, 47857, 47857, 47846, 53805,
41756, 47875, 47795, 47795, 47875, 53827,
41772, 47885, 47886, 47886, 47885, 53806,
41788, 47816, 47896, 47896, 47816, 53826,
41804, 47907, 47885, 47885, 47907, 53806,
41820, 47886, 47907, 47907, 47886, 53806,
41836, 47925, 47926, 47926, 47925, 53807,
41852, 47937, 47925, 47925, 47937, 53807,
41868, 47926, 47937, 47937, 47926, 53807,
41884, 47955, 47875, 47875, 47955, 53827,
41900, 47965, 47966, 47966, 47965, 53808,
41916, 47896, 47413, 47413, 47896, 53826,
41932, 47985, 47965, 47965, 47985, 53808,
41948, 47966, 47985, 47985, 47966, 53808,
41964, 48003, 48004, 48004, 48003, 53809,
41980, 48015, 48003, 48003, 48015, 53809,
41996, 48004, 48015, 48015, 48004, 53809,
42012, 47474, 47955, 47955, 47474, 53827,
42028, 48041, 48042, 48042, 48041, 53836,
42044, 48053, 48054, 48054, 48053, 53837,
42060, 48065, 48066, 48066, 48065, 53828,
42076, 48077, 48065, 48065, 48077, 53828,
42092, 48087, 48041, 48041, 48087, 53836,
42108, 48054, 48096, 48096, 48054, 53837,
42124, 48107, 48108, 48108, 48107, 53838,
42140, 48119, 48087, 48087, 48119, 53836,
42156, 48129, 48130, 48130, 48129, 53838,
42172, 48096, 48140, 48140, 48096, 53837,
42188, 48066, 48150, 48150, 48066, 53828,
42204, 48161, 48077, 48077, 48161, 53828,
42220, 48150, 48170, 48170, 48150, 53828,
42236, 48170, 48161, 48161, 48170, 53828,
42252, 48189, 48107, 48107, 48189, 53838,
42268, 48130, 48189, 48189, 48130, 53838,
42284, 48207, 48208, 48208, 48207, 53830,
42300, 48219, 48220, 48220, 48219, 53831,
42316, 48231, 48207, 48207, 48231, 53830,
42332, 48220, 48240, 48240, 48220, 53831,
42348, 48251, 48252, 48252, 48251, 53834,
42364, 48263, 48264, 48264, 48263, 53835,
42380, 48275, 48231, 48231, 48275, 53830,
42396, 48240, 48284, 48284, 48240, 53831,
42412, 48295, 48296, 48296, 48295, 53834,
42428, 48307, 48308, 48308, 48307, 53835,
42444, 48319, 48320, 48320, 48319, 53833,
42460, 48331, 48332, 48332, 48331, 53833,
42476, 48343, 48344, 48344, 48343, 53832,
42492, 48320, 48354, 48354, 48320, 53833,
42508, 48344, 48343, 48343, 48344, 53832,
42524, 48354, 48331, 48331, 48354, 53833,
42540, 48252, 48295, 48295, 48252, 53834,
42556, 48308, 48263, 48263, 48308, 53835,
42572, 48397, 48398, 48398, 48397, 53844,
42588, 48409, 48410, 48410, 48409, 53845,
42604, 48421, 48422, 48422, 48421, 53839,
42620, 48433, 48434, 48434, 48433, 53840,
42636, 48445, 48446, 48446, 48445, 53841,
42652, 48457, 48421, 48421, 48457, 53839,
42668, 48434, 48466, 48466, 48434, 53840,
42684, 48477, 48478, 48478, 48477, 53842,
42700, 48489, 48490, 48490, 48489, 53843,
42716, 48501, 48445, 48445, 48501, 53841,
42732, 48478, 48510, 48510, 48478, 53842,
42748, 48521, 48489, 48489, 48521, 53843,
42764, 48531, 48397, 48397, 48531, 53844,
42780, 48410, 48540, 48540, 48410, 53845,
42796, 48422, 48550, 48550, 48422, 53839,
42812, 48510, 48477, 48477, 48510, 53842,
42828, 48466, 48433, 48433, 48466, 53840,
42844, 48490, 48521, 48521, 48490, 53843,
42860, 48585, 48457, 48457, 48585, 53839,
42876, 48446, 48501, 48501, 48446, 53841,
42892, 48550, 48602, 48602, 48550, 53839,
42908, 48398, 48531, 48531, 48398, 53844,
42924, 48540, 48409, 48409, 48540, 53845,
42940, 48602, 48585, 48585, 48602, 53839,
42956, 48637, 48319, 48319, 48637, 53833,
42972, 48647, 48119, 48119, 48647, 53836,
42988, 48108, 48656, 48656, 48108, 53838,
43004, 48140, 48666, 48666, 48140, 53837,
43020, 48332, 48637, 48637, 48332, 53833,
43036, 48656, 48129, 48129, 48656, 53838,
43052, 48693, 48647, 48647, 48693, 53836,
43068, 48666, 48702, 48702, 48666, 53837,
43084, 48296, 48712, 48712, 48296, 53834,
43100, 48723, 48307, 48307, 48723, 53835,
43116, 48712, 48251, 48251, 48712, 53834,
43132, 48264, 48723, 48723, 48264, 53835,
43148, 48042, 48693, 48693, 48042, 53836,
43164, 48702, 48053, 48053, 48702, 53837,
43180, 48765, 48275, 48275, 48765, 53830,
43196, 48284, 48774, 48774, 48284, 53831,
43212, 48208, 48765, 48765, 48208, 53830,
43228, 48774, 48219, 48219, 48774, 53831,
43244, 48801, 48802, 48802, 48801, 53846,
43260, 48813, 48814, 48814, 48813, 53847,
43276, 48825, 48801, 48801, 48825, 53846,
43292, 48814, 48834, 48834, 48814, 53847,
43308, 48845, 48846, 48846, 48845, 53810,
43324, 48857, 48845, 48845, 48857, 53810,
43340, 48846, 48857, 48857, 48846, 53810,
43356, 48802, 48825, 48825, 48802, 53846,
43372, 48883, 48884, 48884, 48883, 53811,
43388, 48834, 48813, 48813, 48834, 53847,
43404, 48903, 48883, 48883, 48903, 53811,
43420, 48884, 48903, 48903, 48884, 53811,
43436, 48921, 48922, 48922, 48921, 53848,
43452, 48933, 48934, 48934, 48933, 53849,
43468, 48945, 48946, 48946, 48945, 53850,
43484, 48957, 48921, 48921, 48957, 53848,
43500, 48967, 48968, 48968, 48967, 53851,
43516, 48934, 48978, 48978, 48934, 53849,
43532, 48989, 48990, 48990, 48989, 53852,
43548, 49001, 48945, 48945, 49001, 53850,
43564, 49011, 49012, 49012, 49011, 53853,
43580, 48968, 49022, 49022, 48968, 53851,
43596, 49033, 49034, 49034, 49033, 53854,
43612, 49045, 48989, 48989, 49045, 53852,
43628, 49055, 49056, 49056, 49055, 53855,
43644, 49012, 49066, 49066, 49012, 53853,
43660, 49077, 49033, 49033, 49077, 53854,
43676, 49056, 49086, 49086, 49056, 53855,
43692, 49097, 49098, 49098, 49097, 53856,
43708, 49109, 49110, 49110, 49109, 53857,
43724, 49121, 49122, 49122, 49121, 53866,
43740, 49133, 49134, 49134, 49133, 53867,
43756, 49122, 49144, 49144, 49122, 53866,
43772, 49155, 49133, 49133, 49155, 53867,
43788, 49144, 49121, 49121, 49144, 53866,
43804, 49134, 49155, 49155, 49134, 53867,
43820, 49181, 49182, 49182, 49181, 53868,
43836, 49193, 49194, 49194, 49193, 53869,
43852, 49205, 49181, 49181, 49205, 53868,
43868, 49194, 49214, 49214, 49194, 53869,
43884, 49225, 49226, 49226, 49225, 53870,
43900, 49237, 49238, 49238, 49237, 53871,
43916, 49226, 49248, 49248, 49226, 53870,
43932, 49259, 49097, 49097, 49259, 53856,
43948, 49110, 49268, 49268, 49110, 53857,
43964, 49279, 49237, 49237, 49279, 53871,
43980, 49289, 49290, 49290, 49289, 53872,
43996, 49301, 49302, 49302, 49301, 53873,
44012, 49290, 49312, 49312, 49290, 53872,
44028, 49323, 49301, 49301, 49323, 53873,
44044, 49312, 49332, 49332, 49312, 53872,
44060, 49343, 49205, 49205, 49343, 53868,
44076, 49353, 49323, 49323, 49353, 53873,
44092, 49214, 49362, 49362, 49214, 53869,
44108, 49373, 49374, 49374, 49373, 53862,
44124, 49385, 49386, 49386, 49385, 53863,
44140, 49397, 49398, 49398, 49397, 53874,
44156, 49409, 49410, 49410, 49409, 53875,
44172, 49421, 49422, 49422, 49421, 53860,
44188, 49398, 49432, 49432, 49398, 53874,
44204, 49443, 49444, 49444, 49443, 53861,
44220, 49455, 49409, 49409, 49455, 53875,
44236, 49465, 49077, 49077, 49465, 53854,
44252, 49086, 49474, 49474, 49086, 53855,
44268, 49485, 49486, 49486, 49485, 53829,
44284, 49497, 49485, 49485, 49497, 53829,
44300, 49507, 48957, 48957, 49507, 53848,
44316, 48946, 49001, 49001, 48946, 53850,
44332, 48990, 49045, 49045, 48990, 53852,
44348, 49034, 49532, 49532, 49034, 53854,
44364, 49066, 49011, 49011, 49066, 53853,
44380, 49022, 48967, 48967, 49022, 53851,
44396, 48978, 49558, 49558, 48978, 53849,
44412, 49569, 49055, 49055, 49569, 53855,
44428, 49579, 49507, 49507, 49579, 53848,
44444, 49532, 49465, 49465, 49532, 53854,
44460, 49486, 49596, 49596, 49486, 53829,
44476, 49474, 49569, 49569, 49474, 53855,
44492, 49558, 49614, 49614, 49558, 53849,
44508, 49625, 49497, 49497, 49625, 53829,
44524, 49635, 49636, 49636, 49635, 53812,
44540, 49647, 49635, 49635, 49647, 53812,
44556, 48922, 49579, 49579, 48922, 53848,
44572, 49636, 49647, 49647, 49636, 53812,
44588, 49596, 49672, 49672, 49596, 53829,
44604, 49683, 49684, 49684, 49683, 53813,
44620, 49672, 49625, 49625, 49672, 53829,
44636, 49703, 49683, 49683, 49703, 53813,
44652, 49614, 48933, 48933, 49614, 53849,
44668, 49684, 49703, 49703, 49684, 53813,
44684, 49729, 49730, 49730, 49729, 53858,
44700, 49741, 49742, 49742, 49741, 53859,
44716, 49730, 49752, 49752, 49730, 53858,
44732, 49763, 49764, 49764, 49763, 53878,
44748, 49775, 49776, 49776, 49775, 53879,
44764, 49787, 49741, 49741, 49787, 53859,
44780, 49797, 49421, 49421, 49797, 53860,
44796, 49432, 49397, 49397, 49432, 53874,
44812, 49764, 49814, 49814, 49764, 53878,
44828, 49410, 49455, 49455, 49410, 53875,
44844, 49444, 49832, 49832, 49444, 53861,
44860, 49843, 49775, 49775, 49843, 53879,
44876, 49853, 49289, 49289, 49853, 53872,
44892, 49863, 49864, 49864, 49863, 53880,
44908, 49302, 49874, 49874, 49302, 53873,
44924, 49885, 49886, 49886, 49885, 53881,
44940, 49897, 49898, 49898, 49897, 53862,
44956, 49909, 49863, 49863, 49909, 53880,
44972, 49919, 49920, 49920, 49919, 53864,
44988, 49886, 49930, 49930, 49886, 53881,
45004, 49941, 49942, 49942, 49941, 53863,
45020, 49953, 49954, 49954, 49953, 53865,
45036, 49098, 49964, 49964, 49098, 53856,
45052, 49975, 49909, 49909, 49975, 53880,
45068, 49898, 49373, 49373, 49898, 53862,
45084, 49930, 49992, 49992, 49930, 53881,
45100, 50003, 49109, 49109, 50003, 53857,
45116, 49386, 49941, 49941, 49386, 53863,
45132, 49964, 50020, 50020, 49964, 53856,
45148, 49182, 50030, 50030, 49182, 53868,
45164, 50041, 49975, 49975, 50041, 53880,
45180, 50051, 49193, 49193, 50051, 53869,
45196, 50061, 50003, 50003, 50061, 53857,
45212, 49992, 50070, 50070, 49992, 53881,
45228, 50081, 50082, 50082, 50081, 53814,
45244, 50030, 49343, 49343, 50030, 53868,
45260, 50101, 50081, 50081, 50101, 53814,
45276, 49332, 49853, 49853, 49332, 53872,
45292, 50082, 50101, 50101, 50082, 53814,
45308, 49864, 50041, 50041, 49864, 53880,
45324, 50135, 50136, 50136, 50135, 53815,
45340, 50070, 49885, 49885, 50070, 53881,
45356, 50155, 50135, 50135, 50155, 53815,
45372, 49874, 49353, 49353, 49874, 53873,
45388, 50136, 50155, 50155, 50136, 53815,
45404, 49362, 50051, 50051, 49362, 53869,
45420, 50189, 50190, 50190, 50189, 53816,
45436, 50020, 49259, 49259, 50020, 53856,
45452, 50209, 50189, 50189, 50209, 53816,
45468, 49248, 49225, 49225, 49248, 53870,
45484, 50190, 50209, 50209, 50190, 53816,
45500, 50235, 50236, 50236, 50235, 53817,
45516, 50247, 50235, 50235, 50247, 53817,
45532, 49238, 49279, 49279, 49238, 53871,
45548, 50236, 50247, 50247, 50236, 53817,
45564, 49268, 50061, 50061, 49268, 53857,
45580, 49422, 50280, 50280, 49422, 53860,
45596, 50291, 50292, 50292, 50291, 53876,
45612, 50303, 50304, 50304, 50303, 53877,
45628, 50315, 49443, 49443, 50315, 53861,
45644, 50292, 50324, 50324, 50292, 53876,
45660, 50335, 50303, 50303, 50335, 53877,
45676, 50345, 49919, 49919, 50345, 53864,
45692, 50355, 50291, 50291, 50355, 53876,
45708, 50304, 50364, 50364, 50304, 53877,
45724, 49954, 50374, 50374, 49954, 53865,
45740, 50385, 50355, 50355, 50385, 53876,
45756, 50364, 50394, 50394, 50364, 53877,
45772, 50405, 50406, 50406, 50405, 53818,
45788, 50417, 50405, 50405, 50417, 53818,
45804, 50324, 50385, 50385, 50324, 53876,
45820, 50406, 50417, 50417, 50406, 53818,
45836, 50443, 50444, 50444, 50443, 53819,
45852, 50455, 50443, 50443, 50455, 53819,
45868, 50394, 50335, 50335, 50394, 53877,
45884, 50444, 50455, 50455, 50444, 53819,
45900, 50481, 49897, 49897, 50481, 53862,
45916, 49920, 50490, 50490, 49920, 53864,
45932, 50501, 50502, 50502, 50501, 53884,
45948, 50513, 50514, 50514, 50513, 53885,
45964, 50525, 49953, 49953, 50525, 53865,
45980, 49942, 50534, 50534, 49942, 53863,
45996, 50490, 50544, 50544, 50490, 53864,
46012, 50555, 50501, 50501, 50555, 53884,
46028, 50565, 50525, 50525, 50565, 53865,
46044, 50514, 50574, 50574, 50514, 53885,
46060, 49374, 50481, 50481, 49374, 53862,
46076, 50593, 49729, 49729, 50593, 53858,
46092, 50534, 49385, 49385, 50534, 53863,
46108, 49742, 50610, 50610, 49742, 53859,
46124, 50621, 50622, 50622, 50621, 53878,
46140, 50633, 50634, 50634, 50633, 53879,
46156, 50645, 50555, 50555, 50645, 53884,
46172, 50574, 50654, 50654, 50574, 53885,
46188, 50665, 50666, 50666, 50665, 53886,
46204, 50677, 50645, 50645, 50677, 53884,
46220, 50654, 50686, 50686, 50654, 53885,
46236, 50697, 50698, 50698, 50697, 53887,
46252, 50709, 50665, 50665, 50709, 53886,
46268, 50719, 50720, 50720, 50719, 53882,
46284, 50698, 50730, 50730, 50698, 53887,
46300, 50741, 50742, 50742, 50741, 53883,
46316, 50753, 50709, 50709, 50753, 53886,
46332, 50730, 50762, 50762, 50730, 53887,
46348, 49752, 50772, 50772, 49752, 53858,
46364, 50622, 49763, 49763, 50622, 53878,
46380, 50791, 49787, 49787, 50791, 53859,
46396, 49776, 50633, 50633, 49776, 53879,
46412, 50772, 50593, 50593, 50772, 53858,
46428, 50817, 50753, 50753, 50817, 53886,
46444, 50762, 50826, 50826, 50762, 53887,
46460, 50610, 50791, 50791, 50610, 53859,
46476, 50845, 50846, 50846, 50845, 53820,
46492, 50857, 50845, 50845, 50857, 53820,
46508, 50502, 50677, 50677, 50502, 53884,
46524, 50846, 50857, 50857, 50846, 53820,
46540, 50666, 50817, 50817, 50666, 53886,
46556, 50891, 50892, 50892, 50891, 53821,
46572, 50826, 50697, 50697, 50826, 53887,
46588, 50911, 50891, 50891, 50911, 53821,
46604, 50686, 50513, 50513, 50686, 53885,
46620, 50892, 50911, 50911, 50892, 53821,
46636, 50937, 50938, 50938, 50937, 53890,
46652, 50949, 50950, 50950, 50949, 53891,
46668, 50720, 50960, 50960, 50720, 53882,
46684, 50971, 50937, 50937, 50971, 53890,
46700, 50981, 50741, 50741, 50981, 53883,
46716, 50950, 50990, 50990, 50950, 53891,
46732, 50960, 50719, 50719, 50960, 53882,
46748, 50742, 50981, 50981, 50742, 53883,
46764, 51017, 51018, 51018, 51017, 53888,
46780, 51029, 51030, 51030, 51029, 53889,
46796, 51041, 51017, 51017, 51041, 53888,
46812, 51030, 51050, 51050, 51030, 53889,
46828, 51061, 51062, 51062, 51061, 53892,
46844, 51073, 51074, 51074, 51073, 53893,
46860, 50938, 50971, 50971, 50938, 53890,
46876, 50990, 50949, 50949, 50990, 53891,
46892, 51018, 51041, 51041, 51018, 53888,
46908, 51050, 51029, 51029, 51050, 53889,
46924, 51117, 51061, 51061, 51117, 53892,
46940, 51074, 51126, 51126, 51074, 53893,
46956, 51062, 51117, 51117, 51062, 53892,
46972, 51126, 51073, 51073, 51126, 53893,
46988, 51153, 51154, 51154, 51153, 53822,
47004, 51165, 51153, 51153, 51165, 53822,
47020, 51154, 51165, 51165, 51154, 53822,
47036, 51183, 51184, 51184, 51183, 53823,
47052, 51195, 51183, 51183, 51195, 53823,
47068, 51184, 51195, 51195, 51184, 53823,
47084, 51213, 51214, 51214, 51213, 53894,
47100, 51225, 51226, 51226, 51225, 53895,
47116, 51214, 51236, 51236, 51214, 53894,
47132, 51247, 51225, 51225, 51247, 53895,
47148, 51257, 51258, 51258, 51257, 53824,
47164, 51269, 51257, 51257, 51269, 53824,
47180, 51236, 51213, 51213, 51236, 53894,
47196, 51258, 51269, 51269, 51258, 53824,
47212, 51295, 51296, 51296, 51295, 53825,
47228, 51307, 51295, 51295, 51307, 53825,
47244, 51226, 51247, 51247, 51226, 53895,
47260, 51296, 51307, 51307, 51296, 53825,
47276, 51333, 49797, 49797, 51333, 53860,
47292, 49814, 50621, 50621, 49814, 53878,
47308, 50634, 49843, 49843, 50634, 53879,
47324, 49832, 51358, 51358, 49832, 53861,
47340, 50280, 51333, 51333, 50280, 53860,
47356, 51358, 50315, 50315, 51358, 53861,
47372, 50544, 50345, 50345, 50544, 53864,
47388, 50374, 50565, 50565, 50374, 53865,
