53906, 60303, 60304, 60304, 60303, 66696,
53922, 60315, 60316, 60316, 60315, 66728,
53938, 60327, 60303, 60303, 60327, 66696,
53954, 60304, 60327, 60327, 60304, 66696,
53970, 60345, 60346, 60346, 60345, 66697,
53986, 60357, 60345, 60345, 60357, 66697,
54002, 60346, 60357, 60357, 60346, 66697,
54018, 60375, 60376, 60376, 60375, 66729,
54034, 60387, 60388, 60388, 60387, 66698,
54050, 60399, 60387, 60387, 60399, 66698,
54066, 60388, 60399, 60399, 60388, 66698,
54082, 60316, 60416, 60416, 60316, 66728,
54098, 60427, 60428, 60428, 60427, 66699,
54114, 60439, 60375, 60375, 60439, 66729,
54130, 60449, 60427, 60427, 60449, 66699,
54146, 60428, 60449, 60449, 60428, 66699,
54162, 60467, 60468, 60468, 60467, 66700,
54178, 60416, 60478, 60478, 60416, 66728,
54194, 60489, 60467, 60467, 60489, 66700,
54210, 60468, 60489, 60489, 60468, 66700,
54226, 60507, 60508, 60508, 60507, 66701,
54242, 60519, 60507, 60507, 60519, 66701,
54258, 60508, 60519, 60519, 60508, 66701,
54274, 60537, 60439, 60439, 60537, 66729,
54290, 60547, 60548, 60548, 60547, 66702,
54306, 60478, 60558, 60558, 60478, 66728,
54322, 60569, 60547, 60547, 60569, 66702,
54338, 60548, 60569, 60569, 60548, 66702,
54354, 60587, 60588, 60588, 60587, 66703,
54370, 60599, 60587, 60587, 60599, 66703,
54386, 60588, 60599, 60599, 60588, 66703,
54402, 60617, 60537, 60537, 60617, 66729,
54418, 60627, 60628, 60628, 60627, 66704,
54434, 60558, 60638, 60638, 60558, 66728,
54450, 60649, 60627, 60627, 60649, 66704,
54466, 60628, 60649, 60649, 60628, 66704,
54482, 60667, 60668, 60668, 60667, 66705,
54498, 60679, 60667, 60667, 60679, 66705,
54514, 60668, 60679, 60679, 60668, 66705,
54530, 60697, 60617, 60617, 60697, 66729,
54546, 60707, 60708, 60708, 60707, 66706,
54562, 60638, 60718, 60718, 60638, 66728,
54578, 60729, 60707, 60707, 60729, 66706,
54594, 60708, 60729, 60729, 60708, 66706,
54610, 60747, 60748, 60748, 60747, 66707,
54626, 60759, 60747, 60747, 60759, 66707,
54642, 60748, 60759, 60759, 60748, 66707,
54658, 60777, 60697, 60697, 60777, 66729,
54674, 60787, 60788, 60788, 60787, 66708,
54690, 60718, 60798, 60798, 60718, 66728,
54706, 60809, 60787, 60787, 60809, 66708,
54722, 60788, 60809, 60809, 60788, 66708,
54738, 60827, 60828, 60828, 60827, 66709,
54754, 60839, 60827, 60827, 60839, 66709,
54770, 60828, 60839, 60839, 60828, 66709,
54786, 60857, 60777, 60777, 60857, 66729,
54802, 60867, 60868, 60868, 60867, 66710,
54818, 60798, 60315, 60315, 60798, 66728,
54834, 60887, 60867, 60867, 60887, 66710,
54850, 60868, 60887, 60887, 60868, 66710,
54866, 60905, 60906, 60906, 60905, 66711,
54882, 60917, 60905, 60905, 60917, 66711,
54898, 60906, 60917, 60917, 60906, 66711,
54914, 60376, 60857, 60857, 60376, 66729,
54930, 60943, 60944, 60944, 60943, 66738,
54946, 60955, 60956, 60956, 60955, 66739,
54962, 60967, 60968, 60968, 60967, 66730,
54978, 60979, 60967, 60967, 60979, 66730,
54994, 60989, 60943, 60943, 60989, 66738,
55010, 60956, 60998, 60998, 60956, 66739,
55026, 61009, 61010, 61010, 61009, 66740,
55042, 61021, 60989, 60989, 61021, 66738,
55058, 61031, 61032, 61032, 61031, 66740,
55074, 60998, 61042, 61042, 60998, 66739,
55090, 60968, 61052, 61052, 60968, 66730,
55106, 61063, 60979, 60979, 61063, 66730,
55122, 61052, 61072, 61072, 61052, 66730,
55138, 61072, 61063, 61063, 61072, 66730,
55154, 61091, 61009, 61009, 61091, 66740,
55170, 61032, 61091, 61091, 61032, 66740,
55186, 61109, 61110, 61110, 61109, 66732,
55202, 61121, 61122, 61122, 61121, 66733,
55218, 61133, 61109, 61109, 61133, 66732,
55234, 61122, 61142, 61142, 61122, 66733,
55250, 61153, 61154, 61154, 61153, 66736,
55266, 61165, 61166, 61166, 61165, 66737,
55282, 61177, 61133, 61133, 61177, 66732,
55298, 61142, 61186, 61186, 61142, 66733,
55314, 61197, 61198, 61198, 61197, 66736,
55330, 61209, 61210, 61210, 61209, 66737,
55346, 61221, 61222, 61222, 61221, 66735,
55362, 61233, 61234, 61234, 61233, 66735,
55378, 61245, 61246, 61246, 61245, 66734,
55394, 61222, 61256, 61256, 61222, 66735,
55410, 61246, 61245, 61245, 61246, 66734,
55426, 61256, 61233, 61233, 61256, 66735,
55442, 61154, 61197, 61197, 61154, 66736,
55458, 61210, 61165, 61165, 61210, 66737,
55474, 61299, 61300, 61300, 61299, 66746,
55490, 61311, 61312, 61312, 61311, 66747,
55506, 61323, 61324, 61324, 61323, 66741,
55522, 61335, 61336, 61336, 61335, 66742,
55538, 61347, 61348, 61348, 61347, 66743,
55554, 61359, 61323, 61323, 61359, 66741,
55570, 61336, 61368, 61368, 61336, 66742,
55586, 61379, 61380, 61380, 61379, 66744,
55602, 61391, 61392, 61392, 61391, 66745,
55618, 61403, 61347, 61347, 61403, 66743,
55634, 61380, 61412, 61412, 61380, 66744,
55650, 61423, 61391, 61391, 61423, 66745,
55666, 61433, 61299, 61299, 61433, 66746,
55682, 61312, 61442, 61442, 61312, 66747,
55698, 61324, 61452, 61452, 61324, 66741,
55714, 61412, 61379, 61379, 61412, 66744,
55730, 61368, 61335, 61335, 61368, 66742,
55746, 61392, 61423, 61423, 61392, 66745,
55762, 61487, 61359, 61359, 61487, 66741,
55778, 61348, 61403, 61403, 61348, 66743,
55794, 61452, 61504, 61504, 61452, 66741,
55810, 61300, 61433, 61433, 61300, 66746,
55826, 61442, 61311, 61311, 61442, 66747,
55842, 61504, 61487, 61487, 61504, 66741,
55858, 61539, 61221, 61221, 61539, 66735,
55874, 61549, 61021, 61021, 61549, 66738,
55890, 61010, 61558, 61558, 61010, 66740,
55906, 61042, 61568, 61568, 61042, 66739,
55922, 61234, 61539, 61539, 61234, 66735,
55938, 61558, 61031, 61031, 61558, 66740,
55954, 61595, 61549, 61549, 61595, 66738,
55970, 61568, 61604, 61604, 61568, 66739,
55986, 61198, 61614, 61614, 61198, 66736,
56002, 61625, 61209, 61209, 61625, 66737,
56018, 61614, 61153, 61153, 61614, 66736,
56034, 61166, 61625, 61625, 61166, 66737,
56050, 60944, 61595, 61595, 60944, 66738,
56066, 61604, 60955, 60955, 61604, 66739,
56082, 61667, 61177, 61177, 61667, 66732,
56098, 61186, 61676, 61676, 61186, 66733,
56114, 61110, 61667, 61667, 61110, 66732,
56130, 61676, 61121, 61121, 61676, 66733,
56146, 61703, 61704, 61704, 61703, 66748,
56162, 61715, 61716, 61716, 61715, 66749,
56178, 61727, 61703, 61703, 61727, 66748,
56194, 61716, 61736, 61736, 61716, 66749,
56210, 61747, 61748, 61748, 61747, 66712,
56226, 61759, 61747, 61747, 61759, 66712,
56242, 61748, 61759, 61759, 61748, 66712,
56258, 61704, 61727, 61727, 61704, 66748,
56274, 61785, 61786, 61786, 61785, 66713,
56290, 61736, 61715, 61715, 61736, 66749,
56306, 61805, 61785, 61785, 61805, 66713,
56322, 61786, 61805, 61805, 61786, 66713,
56338, 61823, 61824, 61824, 61823, 66750,
56354, 61835, 61836, 61836, 61835, 66751,
56370, 61847, 61848, 61848, 61847, 66752,
56386, 61859, 61823, 61823, 61859, 66750,
56402, 61869, 61870, 61870, 61869, 66753,
56418, 61836, 61880, 61880, 61836, 66751,
56434, 61891, 61892, 61892, 61891, 66754,
56450, 61903, 61847, 61847, 61903, 66752,
56466, 61913, 61914, 61914, 61913, 66755,
56482, 61870, 61924, 61924, 61870, 66753,
56498, 61935, 61936, 61936, 61935, 66756,
56514, 61947, 61891, 61891, 61947, 66754,
56530, 61957, 61958, 61958, 61957, 66757,
56546, 61914, 61968, 61968, 61914, 66755,
56562, 61979, 61935, 61935, 61979, 66756,
56578, 61958, 61988, 61988, 61958, 66757,
56594, 61999, 62000, 62000, 61999, 66758,
56610, 62011, 62012, 62012, 62011, 66759,
56626, 62023, 62024, 62024, 62023, 66768,
56642, 62035, 62036, 62036, 62035, 66769,
56658, 62024, 62046, 62046, 62024, 66768,
56674, 62057, 62035, 62035, 62057, 66769,
56690, 62046, 62023, 62023, 62046, 66768,
56706, 62036, 62057, 62057, 62036, 66769,
56722, 62083, 62084, 62084, 62083, 66770,
56738, 62095, 62096, 62096, 62095, 66771,
56754, 62107, 62083, 62083, 62107, 66770,
56770, 62096, 62116, 62116, 62096, 66771,
56786, 62127, 62128, 62128, 62127, 66772,
56802, 62139, 62140, 62140, 62139, 66773,
56818, 62128, 62150, 62150, 62128, 66772,
56834, 62161, 61999, 61999, 62161, 66758,
56850, 62012, 62170, 62170, 62012, 66759,
56866, 62181, 62139, 62139, 62181, 66773,
56882, 62191, 62192, 62192, 62191, 66774,
56898, 62203, 62204, 62204, 62203, 66775,
56914, 62192, 62214, 62214, 62192, 66774,
56930, 62225, 62203, 62203, 62225, 66775,
56946, 62214, 62234, 62234, 62214, 66774,
56962, 62245, 62107, 62107, 62245, 66770,
56978, 62255, 62225, 62225, 62255, 66775,
56994, 62116, 62264, 62264, 62116, 66771,
57010, 62275, 62276, 62276, 62275, 66764,
57026, 62287, 62288, 62288, 62287, 66765,
57042, 62299, 62300, 62300, 62299, 66776,
57058, 62311, 62312, 62312, 62311, 66777,
57074, 62323, 62324, 62324, 62323, 66762,
57090, 62300, 62334, 62334, 62300, 66776,
57106, 62345, 62346, 62346, 62345, 66763,
57122, 62357, 62311, 62311, 62357, 66777,
57138, 62367, 61979, 61979, 62367, 66756,
57154, 61988, 62376, 62376, 61988, 66757,
57170, 62387, 62388, 62388, 62387, 66731,
57186, 62399, 62387, 62387, 62399, 66731,
57202, 62409, 61859, 61859, 62409, 66750,
57218, 61848, 61903, 61903, 61848, 66752,
57234, 61892, 61947, 61947, 61892, 66754,
57250, 61936, 62434, 62434, 61936, 66756,
57266, 61968, 61913, 61913, 61968, 66755,
57282, 61924, 61869, 61869, 61924, 66753,
57298, 61880, 62460, 62460, 61880, 66751,
57314, 62471, 61957, 61957, 62471, 66757,
57330, 62481, 62409, 62409, 62481, 66750,
57346, 62434, 62367, 62367, 62434, 66756,
57362, 62388, 62498, 62498, 62388, 66731,
57378, 62376, 62471, 62471, 62376, 66757,
57394, 62460, 62516, 62516, 62460, 66751,
57410, 62527, 62399, 62399, 62527, 66731,
57426, 62537, 62538, 62538, 62537, 66714,
57442, 62549, 62537, 62537, 62549, 66714,
57458, 61824, 62481, 62481, 61824, 66750,
57474, 62538, 62549, 62549, 62538, 66714,
57490, 62498, 62574, 62574, 62498, 66731,
57506, 62585, 62586, 62586, 62585, 66715,
57522, 62574, 62527, 62527, 62574, 66731,
57538, 62605, 62585, 62585, 62605, 66715,
57554, 62516, 61835, 61835, 62516, 66751,
57570, 62586, 62605, 62605, 62586, 66715,
57586, 62631, 62632, 62632, 62631, 66760,
57602, 62643, 62644, 62644, 62643, 66761,
57618, 62632, 62654, 62654, 62632, 66760,
57634, 62665, 62666, 62666, 62665, 66780,
57650, 62677, 62678, 62678, 62677, 66781,
57666, 62689, 62643, 62643, 62689, 66761,
57682, 62699, 62323, 62323, 62699, 66762,
57698, 62334, 62299, 62299, 62334, 66776,
57714, 62666, 62716, 62716, 62666, 66780,
57730, 62312, 62357, 62357, 62312, 66777,
57746, 62346, 62734, 62734, 62346, 66763,
57762, 62745, 62677, 62677, 62745, 66781,
57778, 62755, 62191, 62191, 62755, 66774,
57794, 62765, 62766, 62766, 62765, 66782,
57810, 62204, 62776, 62776, 62204, 66775,
57826, 62787, 62788, 62788, 62787, 66783,
57842, 62799, 62800, 62800, 62799, 66764,
57858, 62811, 62765, 62765, 62811, 66782,
57874, 62821, 62822, 62822, 62821, 66766,
57890, 62788, 62832, 62832, 62788, 66783,
57906, 62843, 62844, 62844, 62843, 66765,
57922, 62855, 62856, 62856, 62855, 66767,
57938, 62000, 62866, 62866, 62000, 66758,
57954, 62877, 62811, 62811, 62877, 66782,
57970, 62800, 62275, 62275, 62800, 66764,
57986, 62832, 62894, 62894, 62832, 66783,
58002, 62905, 62011, 62011, 62905, 66759,
58018, 62288, 62843, 62843, 62288, 66765,
58034, 62866, 62922, 62922, 62866, 66758,
58050, 62084, 62932, 62932, 62084, 66770,
58066, 62943, 62877, 62877, 62943, 66782,
58082, 62953, 62095, 62095, 62953, 66771,
58098, 62963, 62905, 62905, 62963, 66759,
58114, 62894, 62972, 62972, 62894, 66783,
58130, 62983, 62984, 62984, 62983, 66716,
58146, 62932, 62245, 62245, 62932, 66770,
58162, 63003, 62983, 62983, 63003, 66716,
58178, 62234, 62755, 62755, 62234, 66774,
58194, 62984, 63003, 63003, 62984, 66716,
58210, 62766, 62943, 62943, 62766, 66782,
58226, 63037, 63038, 63038, 63037, 66717,
58242, 62972, 62787, 62787, 62972, 66783,
58258, 63057, 63037, 63037, 63057, 66717,
58274, 62776, 62255, 62255, 62776, 66775,
58290, 63038, 63057, 63057, 63038, 66717,
58306, 62264, 62953, 62953, 62264, 66771,
58322, 63091, 63092, 63092, 63091, 66718,
58338, 62922, 62161, 62161, 62922, 66758,
58354, 63111, 63091, 63091, 63111, 66718,
58370, 62150, 62127, 62127, 62150, 66772,
58386, 63092, 63111, 63111, 63092, 66718,
58402, 63137, 63138, 63138, 63137, 66719,
58418, 63149, 63137, 63137, 63149, 66719,
58434, 62140, 62181, 62181, 62140, 66773,
58450, 63138, 63149, 63149, 63138, 66719,
58466, 62170, 62963, 62963, 62170, 66759,
58482, 62324, 63182, 63182, 62324, 66762,
58498, 63193, 63194, 63194, 63193, 66778,
58514, 63205, 63206, 63206, 63205, 66779,
58530, 63217, 62345, 62345, 63217, 66763,
58546, 63194, 63226, 63226, 63194, 66778,
58562, 63237, 63205, 63205, 63237, 66779,
58578, 63247, 62821, 62821, 63247, 66766,
58594, 63257, 63193, 63193, 63257, 66778,
58610, 63206, 63266, 63266, 63206, 66779,
58626, 62856, 63276, 63276, 62856, 66767,
58642, 63287, 63257, 63257, 63287, 66778,
58658, 63266, 63296, 63296, 63266, 66779,
58674, 63307, 63308, 63308, 63307, 66720,
58690, 63319, 63307, 63307, 63319, 66720,
58706, 63226, 63287, 63287, 63226, 66778,
58722, 63308, 63319, 63319, 63308, 66720,
58738, 63345, 63346, 63346, 63345, 66721,
58754, 63357, 63345, 63345, 63357, 66721,
58770, 63296, 63237, 63237, 63296, 66779,
58786, 63346, 63357, 63357, 63346, 66721,
58802, 63383, 62799, 62799, 63383, 66764,
58818, 62822, 63392, 63392, 62822, 66766,
58834, 63403, 63404, 63404, 63403, 66786,
58850, 63415, 63416, 63416, 63415, 66787,
58866, 63427, 62855, 62855, 63427, 66767,
58882, 62844, 63436, 63436, 62844, 66765,
58898, 63392, 63446, 63446, 63392, 66766,
58914, 63457, 63403, 63403, 63457, 66786,
58930, 63467, 63427, 63427, 63467, 66767,
58946, 63416, 63476, 63476, 63416, 66787,
58962, 62276, 63383, 63383, 62276, 66764,
58978, 63495, 62631, 62631, 63495, 66760,
58994, 63436, 62287, 62287, 63436, 66765,
59010, 62644, 63512, 63512, 62644, 66761,
59026, 63523, 63524, 63524, 63523, 66780,
59042, 63535, 63536, 63536, 63535, 66781,
59058, 63547, 63457, 63457, 63547, 66786,
59074, 63476, 63556, 63556, 63476, 66787,
59090, 63567, 63568, 63568, 63567, 66788,
59106, 63579, 63547, 63547, 63579, 66786,
59122, 63556, 63588, 63588, 63556, 66787,
59138, 63599, 63600, 63600, 63599, 66789,
59154, 63611, 63567, 63567, 63611, 66788,
59170, 63621, 63622, 63622, 63621, 66784,
59186, 63600, 63632, 63632, 63600, 66789,
59202, 63643, 63644, 63644, 63643, 66785,
59218, 63655, 63611, 63611, 63655, 66788,
59234, 63632, 63664, 63664, 63632, 66789,
59250, 62654, 63674, 63674, 62654, 66760,
59266, 63524, 62665, 62665, 63524, 66780,
59282, 63693, 62689, 62689, 63693, 66761,
59298, 62678, 63535, 63535, 62678, 66781,
59314, 63674, 63495, 63495, 63674, 66760,
59330, 63719, 63655, 63655, 63719, 66788,
59346, 63664, 63728, 63728, 63664, 66789,
59362, 63512, 63693, 63693, 63512, 66761,
59378, 63747, 63748, 63748, 63747, 66722,
59394, 63759, 63747, 63747, 63759, 66722,
59410, 63404, 63579, 63579, 63404, 66786,
59426, 63748, 63759, 63759, 63748, 66722,
59442, 63568, 63719, 63719, 63568, 66788,
59458, 63793, 63794, 63794, 63793, 66723,
59474, 63728, 63599, 63599, 63728, 66789,
59490, 63813, 63793, 63793, 63813, 66723,
59506, 63588, 63415, 63415, 63588, 66787,
59522, 63794, 63813, 63813, 63794, 66723,
59538, 63839, 63840, 63840, 63839, 66792,
59554, 63851, 63852, 63852, 63851, 66793,
59570, 63622, 63862, 63862, 63622, 66784,
59586, 63873, 63839, 63839, 63873, 66792,
59602, 63883, 63643, 63643, 63883, 66785,
59618, 63852, 63892, 63892, 63852, 66793,
59634, 63862, 63621, 63621, 63862, 66784,
59650, 63644, 63883, 63883, 63644, 66785,
59666, 63919, 63920, 63920, 63919, 66790,
59682, 63931, 63932, 63932, 63931, 66791,
59698, 63943, 63919, 63919, 63943, 66790,
59714, 63932, 63952, 63952, 63932, 66791,
59730, 63963, 63964, 63964, 63963, 66794,
59746, 63975, 63976, 63976, 63975, 66795,
59762, 63840, 63873, 63873, 63840, 66792,
59778, 63892, 63851, 63851, 63892, 66793,
59794, 63920, 63943, 63943, 63920, 66790,
59810, 63952, 63931, 63931, 63952, 66791,
59826, 64019, 63963, 63963, 64019, 66794,
59842, 63976, 64028, 64028, 63976, 66795,
59858, 63964, 64019, 64019, 63964, 66794,
59874, 64028, 63975, 63975, 64028, 66795,
59890, 64055, 64056, 64056, 64055, 66724,
59906, 64067, 64055, 64055, 64067, 66724,
59922, 64056, 64067, 64067, 64056, 66724,
59938, 64085, 64086, 64086, 64085, 66725,
59954, 64097, 64085, 64085, 64097, 66725,
59970, 64086, 64097, 64097, 64086, 66725,
59986, 64115, 64116, 64116, 64115, 66796,
60002, 64127, 64128, 64128, 64127, 66797,
60018, 64116, 64138, 64138, 64116, 66796,
60034, 64149, 64127, 64127, 64149, 66797,
60050, 64159, 64160, 64160, 64159, 66726,
60066, 64171, 64159, 64159, 64171, 66726,
60082, 64138, 64115, 64115, 64138, 66796,
60098, 64160, 64171, 64171, 64160, 66726,
60114, 64197, 64198, 64198, 64197, 66727,
60130, 64209, 64197, 64197, 64209, 66727,
60146, 64128, 64149, 64149, 64128, 66797,
60162, 64198, 64209, 64209, 64198, 66727,
60178, 64235, 62699, 62699, 64235, 66762,
60194, 62716, 63523, 63523, 62716, 66780,
60210, 63536, 62745, 62745, 63536, 66781,
60226, 62734, 64260, 64260, 62734, 66763,
60242, 63182, 64235, 64235, 63182, 66762,
60258, 64260, 63217, 63217, 64260, 66763,
60274, 63446, 63247, 63247, 63446, 66766,
60290, 63276, 63467, 63467, 63276, 66767,
