2453, 4096, 4093, 4093, 4096, 5989,
2453, 4094, 4095, 4095, 4094, 6781,
2454, 4098, 4096, 4096, 4098, 5989,
2455, 4093, 4098, 4098, 4093, 5989,
2456, 4102, 4100, 4100, 4102, 5990,
2457, 4104, 4102, 4102, 4104, 5990,
2458, 4100, 4104, 4104, 4100, 5990,
2458, 4105, 4106, 4106, 4105, 6782,
2459, 4109, 4107, 4107, 4109, 5991,
2460, 4110, 4109, 4109, 4110, 5991,
2461, 4107, 4110, 4110, 4107, 5991,
2461, 4095, 4111, 4111, 4095, 6781,
2462, 4114, 4112, 4112, 4114, 5992,
2462, 4113, 4105, 4105, 4113, 6782,
2463, 4115, 4114, 4114, 4115, 5992,
2464, 4112, 4115, 4115, 4112, 5992,
2465, 4119, 4117, 4117, 4119, 5993,
2465, 4111, 4118, 4118, 4111, 6781,
2466, 4121, 4119, 4119, 4121, 5993,
2467, 4117, 4121, 4121, 4117, 5993,
2468, 4123, 4122, 4122, 4123, 5994,
2469, 4125, 4123, 4123, 4125, 5994,
2470, 4122, 4125, 4125, 4122, 5994,
2470, 4126, 4113, 4113, 4126, 6782,
2471, 4129, 4127, 4127, 4129, 5995,
2471, 4118, 4128, 4128, 4118, 6781,
2472, 4131, 4129, 4129, 4131, 5995,
2473, 4127, 4131, 4131, 4127, 5995,
2474, 4133, 4132, 4132, 4133, 5996,
2475, 4135, 4133, 4133, 4135, 5996,
2476, 4132, 4135, 4135, 4132, 5996,
2476, 4136, 4126, 4126, 4136, 6782,
2477, 4139, 4137, 4137, 4139, 5997,
2477, 4128, 4138, 4138, 4128, 6781,
2478, 4141, 4139, 4139, 4141, 5997,
2479, 4137, 4141, 4141, 4137, 5997,
2480, 4143, 4142, 4142, 4143, 5998,
2481, 4145, 4143, 4143, 4145, 5998,
2482, 4142, 4145, 4145, 4142, 5998,
2482, 4146, 4136, 4136, 4146, 6782,
2483, 4149, 4147, 4147, 4149, 5999,
2483, 4138, 4148, 4148, 4138, 6781,
2484, 4151, 4149, 4149, 4151, 5999,
2485, 4147, 4151, 4151, 4147, 5999,
2486, 4153, 4152, 4152, 4153, 6000,
2487, 4155, 4153, 4153, 4155, 6000,
2488, 4152, 4155, 4155, 4152, 6000,
2488, 4156, 4146, 4146, 4156, 6782,
2489, 4159, 4157, 4157, 4159, 6001,
2489, 4148, 4158, 4158, 4148, 6781,
2490, 4161, 4159, 4159, 4161, 6001,
2491, 4157, 4161, 4161, 4157, 6001,
2492, 4163, 4162, 4162, 4163, 6002,
2493, 4165, 4163, 4163, 4165, 6002,
2494, 4162, 4165, 4165, 4162, 6002,
2494, 4166, 4156, 4156, 4166, 6782,
2495, 4168, 4167, 4167, 4168, 6003,
2495, 4158, 4094, 4094, 4158, 6781,
2496, 4169, 4168, 4168, 4169, 6003,
2497, 4167, 4169, 4169, 4167, 6003,
2498, 4171, 4170, 4170, 4171, 6004,
2499, 4172, 4171, 4171, 4172, 6004,
2500, 4170, 4172, 4172, 4170, 6004,
2500, 4106, 4166, 4166, 4106, 6782,
2544, 4199, 4200, 4200, 4199, 6845,
2548, 4211, 4212, 4212, 4211, 6846,
2607, 4243, 4244, 4244, 4243, 6788,
2609, 4248, 4243, 4243, 4248, 6788,
2630, 4267, 4199, 4199, 4267, 6845,
2634, 4212, 4273, 4273, 4212, 6846,
2639, 4285, 4286, 4286, 4285, 6855,
2640, 4288, 4267, 4267, 4288, 6845,
2641, 4290, 4291, 4291, 4290, 6855,
2644, 4273, 4298, 4298, 4273, 6846,
2647, 4244, 4303, 4303, 4244, 6788,
2649, 4308, 4248, 4248, 4308, 6788,
2654, 4303, 4318, 4318, 4303, 6788,
2658, 4318, 4308, 4308, 4318, 6788,
2661, 4334, 4285, 4285, 4334, 6855,
2667, 4291, 4334, 4334, 4291, 6855,
2677, 4352, 4353, 4353, 4352, 6829,
2683, 4363, 4364, 4364, 4363, 6830,
2693, 4376, 4352, 4352, 4376, 6829,
2699, 4364, 4384, 4384, 4364, 6830,
2701, 4388, 4389, 4389, 4388, 6839,
2707, 4404, 4405, 4405, 4404, 6840,
2718, 4417, 4376, 4376, 4417, 6829,
2722, 4384, 4423, 4423, 4384, 6830,
2728, 4437, 4438, 4438, 4437, 6839,
2732, 4449, 4450, 4450, 4449, 6840,
2741, 4464, 4465, 4465, 4464, 6834,
2747, 4479, 4480, 4480, 4479, 6834,
2749, 4484, 4485, 4485, 4484, 6833,
2752, 4465, 4492, 4492, 4465, 6834,
2755, 4485, 4484, 4484, 4485, 6833,
2756, 4492, 4479, 4479, 4492, 6834,
2758, 4389, 4437, 4437, 4389, 6839,
2762, 4450, 4404, 4404, 4450, 6840,
2767, 4518, 4519, 4519, 4518, 6882,
2769, 4524, 4525, 4525, 4524, 6883,
2774, 4534, 4535, 4535, 4534, 6875,
2775, 4537, 4538, 4538, 4537, 6876,
2777, 4542, 4543, 4543, 4542, 6877,
2778, 4545, 4534, 4534, 4545, 6875,
2782, 4538, 4551, 4551, 4538, 6876,
2783, 4553, 4554, 4554, 4553, 6878,
2785, 4558, 4559, 4559, 4558, 6879,
2786, 4561, 4542, 4542, 4561, 6877,
2790, 4554, 4567, 4567, 4554, 6878,
2794, 4577, 4558, 4558, 4577, 6879,
2799, 4585, 4518, 4518, 4585, 6882,
2801, 4525, 4588, 4588, 4525, 6883,
2805, 4535, 4594, 4594, 4535, 6875,
2807, 4567, 4553, 4553, 4567, 6878,
2808, 4551, 4537, 4537, 4551, 6876,
2809, 4559, 4577, 4577, 4559, 6879,
2811, 4603, 4545, 4545, 4603, 6875,
2812, 4543, 4561, 4561, 4543, 6877,
2813, 4594, 4606, 4606, 4594, 6875,
2815, 4519, 4585, 4585, 4519, 6882,
2817, 4588, 4524, 4524, 4588, 6883,
2819, 4606, 4603, 4603, 4606, 6875,
2821, 4616, 4464, 4464, 4616, 6834,
2823, 4620, 4288, 4288, 4620, 6845,
2824, 4286, 4622, 4622, 4286, 6855,
2825, 4298, 4624, 4624, 4298, 6846,
2827, 4480, 4616, 4616, 4480, 6834,
2828, 4622, 4290, 4290, 4622, 6855,
2832, 4636, 4620, 4620, 4636, 6845,
2836, 4624, 4644, 4644, 4624, 6846,
2838, 4438, 4647, 4647, 4438, 6839,
2842, 4657, 4449, 4449, 4657, 6840,
2845, 4647, 4388, 4388, 4647, 6839,
2851, 4405, 4657, 4657, 4405, 6840,
2870, 4200, 4636, 4636, 4200, 6845,
2874, 4644, 4211, 4211, 4644, 6846,
2877, 4698, 4417, 4417, 4698, 6829,
2883, 4423, 4711, 4711, 4423, 6830,
2886, 4353, 4698, 4698, 4353, 6829,
2890, 4711, 4363, 4363, 4711, 6830,
2919, 4749, 4750, 4750, 4749, 6901,
2921, 4754, 4755, 4755, 4754, 6902,
2928, 4768, 4749, 4749, 4768, 6901,
2932, 4755, 4776, 4776, 4755, 6902,
2949, 4794, 4793, 4793, 4794, 6073,
2950, 4795, 4794, 4794, 4795, 6073,
2951, 4793, 4795, 4795, 4793, 6073,
2951, 4750, 4768, 4768, 4750, 6901,
2952, 4797, 4796, 4796, 4797, 6074,
2952, 4776, 4754, 4754, 4776, 6902,
2953, 4798, 4797, 4797, 4798, 6074,
2954, 4796, 4798, 4798, 4796, 6074,
3013, 4804, 4805, 4805, 4804, 6905,
3015, 4810, 4811, 4811, 4810, 6906,
3021, 4821, 4822, 4822, 4821, 6907,
3022, 4824, 4804, 4804, 4824, 6905,
3023, 4826, 4827, 4827, 4826, 6908,
3026, 4811, 4832, 4832, 4811, 6906,
3029, 4837, 4838, 4838, 4837, 6909,
3030, 4840, 4821, 4821, 4840, 6907,
3031, 4842, 4843, 4843, 4842, 6910,
3034, 4827, 4848, 4848, 4827, 6908,
3037, 4853, 4854, 4854, 4853, 6911,
3038, 4856, 4837, 4837, 4856, 6909,
3039, 4858, 4859, 4859, 4858, 6912,
3042, 4843, 4864, 4864, 4843, 6910,
3046, 4872, 4853, 4853, 4872, 6911,
3050, 4859, 4880, 4880, 4859, 6912,
3077, 4893, 4894, 4894, 4893, 6919,
3079, 4898, 4899, 4899, 4898, 6920,
3118, 4923, 4924, 4924, 4923, 6946,
3122, 4931, 4932, 4932, 4931, 6947,
3125, 4924, 4937, 4937, 4924, 6946,
3127, 4942, 4931, 4931, 4942, 6947,
3148, 4937, 4923, 4923, 4937, 6946,
3152, 4932, 4942, 4942, 4932, 6947,
3172, 4972, 4973, 4973, 4972, 6952,
3176, 4983, 4984, 4984, 4983, 6953,
3181, 4993, 4972, 4972, 4993, 6952,
3183, 4984, 4996, 4996, 4984, 6953,
3190, 5007, 5008, 5008, 5007, 6956,
3194, 5015, 5016, 5016, 5015, 6957,
3196, 5008, 5019, 5019, 5008, 6956,
3197, 5021, 4893, 4893, 5021, 6919,
3199, 4899, 5024, 5024, 4899, 6920,
3200, 5026, 5015, 5015, 5026, 6957,
3221, 5060, 5061, 5061, 5060, 6958,
3223, 5066, 5067, 5067, 5066, 6959,
3228, 5061, 5076, 5076, 5061, 6958,
3232, 5084, 5066, 5066, 5084, 6959,
3237, 5076, 5090, 5090, 5076, 6958,
3238, 5092, 4993, 4993, 5092, 6952,
3239, 5094, 5084, 5084, 5094, 6959,
3242, 4996, 5098, 5098, 4996, 6953,
3245, 5104, 5105, 5105, 5104, 6932,
3247, 5110, 5111, 5111, 5110, 6933,
3301, 5152, 5153, 5153, 5152, 6980,
3303, 5158, 5159, 5159, 5158, 6981,
3307, 5168, 5169, 5169, 5168, 6928,
3310, 5153, 5176, 5176, 5153, 6980,
3313, 5183, 5184, 5184, 5183, 6929,
3314, 5186, 5158, 5158, 5186, 6981,
3347, 5200, 4872, 4872, 5200, 6911,
3353, 4880, 5208, 5208, 4880, 6912,
3355, 5212, 5213, 5213, 5212, 6794,
3361, 5223, 5212, 5212, 5223, 6794,
3363, 5226, 4824, 4824, 5226, 6905,
3364, 4822, 4840, 4840, 4822, 6907,
3365, 4838, 4856, 4856, 4838, 6909,
3366, 4854, 5230, 5230, 4854, 6911,
3367, 4864, 4842, 4842, 4864, 6910,
3368, 4848, 4826, 4826, 4848, 6908,
3369, 4832, 5234, 5234, 4832, 6906,
3370, 5236, 4858, 4858, 5236, 6912,
3371, 5238, 5226, 5226, 5238, 6905,
3372, 5230, 5200, 5200, 5230, 6911,
3374, 5213, 5242, 5242, 5213, 6794,
3376, 5208, 5236, 5236, 5208, 6912,
3377, 5234, 5246, 5246, 5234, 6906,
3378, 5248, 5223, 5223, 5248, 6794,
3379, 5251, 5249, 5249, 5251, 6127,
3380, 5252, 5251, 5251, 5252, 6127,
3380, 4805, 5238, 5238, 4805, 6905,
3381, 5249, 5252, 5252, 5249, 6127,
3381, 5242, 5253, 5253, 5242, 6794,
3382, 5255, 5254, 5254, 5255, 6128,
3382, 5253, 5248, 5248, 5253, 6794,
3383, 5256, 5255, 5255, 5256, 6128,
3383, 5246, 4810, 4810, 5246, 6906,
3384, 5254, 5256, 5256, 5254, 6128,
3394, 5264, 5265, 5265, 5264, 6926,
3398, 5272, 5273, 5273, 5272, 6927,
3401, 5265, 5278, 5278, 5265, 6926,
3402, 5280, 5281, 5281, 5280, 6986,
3406, 5288, 5289, 5289, 5288, 6987,
3407, 5291, 5272, 5272, 5291, 6927,
3409, 5294, 5168, 5168, 5294, 6928,
3410, 5176, 5152, 5152, 5176, 6980,
3412, 5281, 5298, 5298, 5281, 6986,
3414, 5159, 5186, 5186, 5159, 6981,
3415, 5184, 5302, 5302, 5184, 6929,
3416, 5304, 5288, 5288, 5304, 6987,
3417, 5306, 5060, 5060, 5306, 6958,
3420, 5313, 5314, 5314, 5313, 6988,
3423, 5067, 5321, 5321, 5067, 6959,
3424, 5323, 5324, 5324, 5323, 6989,
3425, 5326, 5327, 5327, 5326, 6932,
3426, 5329, 5313, 5313, 5329, 6988,
3428, 5333, 5334, 5334, 5333, 6934,
3430, 5324, 5338, 5338, 5324, 6989,
3431, 5340, 5341, 5341, 5340, 6933,
3432, 5343, 5344, 5344, 5343, 6935,
3434, 4894, 5347, 5347, 4894, 6919,
3435, 5349, 5329, 5329, 5349, 6988,
3436, 5327, 5104, 5104, 5327, 6932,
3437, 5338, 5352, 5352, 5338, 6989,
3438, 5354, 4898, 4898, 5354, 6920,
3440, 5111, 5340, 5340, 5111, 6933,
3441, 5347, 5358, 5358, 5347, 6919,
3443, 4973, 5362, 5362, 4973, 6952,
3444, 5364, 5349, 5349, 5364, 6988,
3445, 5366, 4983, 4983, 5366, 6953,
3447, 5370, 5354, 5354, 5370, 6920,
3448, 5352, 5372, 5372, 5352, 6989,
3449, 5374, 5373, 5373, 5374, 6143,
3449, 5362, 5092, 5092, 5362, 6952,
3450, 5375, 5374, 5374, 5375, 6143,
3450, 5090, 5306, 5306, 5090, 6958,
3451, 5373, 5375, 5375, 5373, 6143,
3451, 5314, 5364, 5364, 5314, 6988,
3452, 5377, 5376, 5376, 5377, 6144,
3452, 5372, 5323, 5323, 5372, 6989,
3453, 5378, 5377, 5377, 5378, 6144,
3453, 5321, 5094, 5094, 5321, 6959,
3454, 5376, 5378, 5378, 5376, 6144,
3454, 5098, 5366, 5366, 5098, 6953,
3455, 5380, 5379, 5379, 5380, 6145,
3455, 5358, 5021, 5021, 5358, 6919,
3456, 5381, 5380, 5380, 5381, 6145,
3456, 5019, 5007, 5007, 5019, 6956,
3457, 5379, 5381, 5381, 5379, 6145,
3458, 5383, 5382, 5382, 5383, 6146,
3459, 5384, 5383, 5383, 5384, 6146,
3459, 5016, 5026, 5026, 5016, 6957,
3460, 5382, 5384, 5384, 5382, 6146,
3460, 5024, 5370, 5370, 5024, 6920,
3461, 5169, 5386, 5386, 5169, 6928,
3463, 5391, 5392, 5392, 5391, 6984,
3465, 5396, 5397, 5397, 5396, 6985,
3467, 5402, 5183, 5183, 5402, 6929,
3471, 5392, 5408, 5408, 5392, 6984,
3473, 5412, 5396, 5396, 5412, 6985,
3477, 5418, 5333, 5333, 5418, 6934,
3479, 5422, 5391, 5391, 5422, 6984,
3481, 5397, 5426, 5426, 5397, 6985,
3483, 5344, 5430, 5430, 5344, 6935,
3487, 5437, 5422, 5422, 5437, 6984,
3489, 5426, 5440, 5440, 5426, 6985,
3493, 5446, 5445, 5445, 5446, 6155,
3494, 5447, 5446, 5446, 5447, 6155,
3494, 5408, 5437, 5437, 5408, 6984,
3495, 5445, 5447, 5447, 5445, 6155,
3496, 5449, 5448, 5448, 5449, 6156,
3497, 5450, 5449, 5449, 5450, 6156,
3497, 5440, 5412, 5412, 5440, 6985,
3498, 5448, 5450, 5450, 5448, 6156,
3587, 5472, 5326, 5326, 5472, 6932,
3588, 5334, 5474, 5474, 5334, 6934,
3589, 5476, 5477, 5477, 5476, 7022,
3591, 5482, 5483, 5483, 5482, 7023,
3592, 5485, 5343, 5343, 5485, 6935,
3593, 5341, 5487, 5487, 5341, 6933,
3595, 5474, 5492, 5492, 5474, 6934,
3598, 5498, 5476, 5476, 5498, 7022,
3601, 5504, 5485, 5485, 5504, 6935,
3602, 5483, 5506, 5506, 5483, 7023,
3604, 5105, 5472, 5472, 5105, 6932,
3606, 5512, 5264, 5264, 5512, 6926,
3608, 5487, 5110, 5110, 5487, 6933,
3610, 5273, 5518, 5518, 5273, 6927,
3611, 5520, 5521, 5521, 5520, 6986,
3617, 5535, 5536, 5536, 5535, 6987,
3622, 5546, 5498, 5498, 5546, 7022,
3626, 5506, 5554, 5554, 5506, 7023,
3628, 5559, 5560, 5560, 5559, 7024,
3629, 5562, 5546, 5546, 5562, 7022,
3631, 5554, 5566, 5566, 5554, 7023,
3632, 5568, 5569, 5569, 5568, 7025,
3636, 5579, 5559, 5559, 5579, 7024,
3638, 5583, 5584, 5584, 5583, 7014,
3640, 5569, 5588, 5588, 5569, 7025,
3642, 5593, 5594, 5594, 5593, 7015,
3645, 5602, 5579, 5579, 5602, 7024,
3647, 5588, 5606, 5606, 5588, 7025,
3667, 5278, 5620, 5620, 5278, 6926,
3670, 5521, 5280, 5280, 5521, 6986,
3673, 5629, 5291, 5291, 5629, 6927,
3674, 5289, 5535, 5535, 5289, 6987,
3675, 5620, 5512, 5512, 5620, 6926,
3677, 5635, 5602, 5602, 5635, 7024,
3679, 5606, 5638, 5638, 5606, 7025,
3681, 5518, 5629, 5629, 5518, 6927,
3683, 5644, 5643, 5643, 5644, 6177,
3684, 5645, 5644, 5644, 5645, 6177,
3684, 5477, 5562, 5562, 5477, 7022,
3685, 5643, 5645, 5645, 5643, 6177,
3685, 5560, 5635, 5635, 5560, 7024,
3686, 5647, 5646, 5646, 5647, 6178,
3686, 5638, 5568, 5568, 5638, 7025,
3687, 5648, 5647, 5647, 5648, 6178,
3687, 5566, 5482, 5482, 5566, 7023,
3688, 5646, 5648, 5648, 5646, 6178,
3707, 5657, 5658, 5658, 5657, 7034,
3709, 5662, 5663, 5663, 5662, 7035,
3714, 5584, 5671, 5671, 5584, 7014,
3716, 5676, 5657, 5657, 5676, 7034,
3718, 5681, 5593, 5593, 5681, 7015,
3720, 5663, 5684, 5684, 5663, 7035,
3721, 5671, 5583, 5583, 5671, 7014,
3727, 5594, 5681, 5681, 5594, 7015,
3731, 5705, 5706, 5706, 5705, 7028,
3733, 5710, 5711, 5711, 5710, 7029,
3740, 5724, 5705, 5705, 5724, 7028,
3744, 5711, 5732, 5732, 5711, 7029,
3819, 5782, 5783, 5783, 5782, 7056,
3821, 5788, 5789, 5789, 5788, 7057,
3852, 5658, 5676, 5676, 5658, 7034,
3856, 5684, 5662, 5662, 5684, 7035,
3857, 5706, 5724, 5724, 5706, 7028,
3863, 5732, 5710, 5710, 5732, 7029,
3882, 5838, 5782, 5782, 5838, 7056,
3886, 5789, 5843, 5843, 5789, 7057,
3891, 5783, 5838, 5838, 5783, 7056,
3893, 5843, 5788, 5788, 5843, 7057,
3897, 5860, 5859, 5859, 5860, 6207,
3898, 5861, 5860, 5860, 5861, 6207,
3899, 5859, 5861, 5861, 5859, 6207,
3900, 5863, 5862, 5862, 5863, 6208,
3901, 5864, 5863, 5863, 5864, 6208,
3902, 5862, 5864, 5864, 5862, 6208,
3922, 5885, 5886, 5886, 5885, 7062,
3926, 5893, 5894, 5894, 5893, 7063,
3929, 5886, 5899, 5899, 5886, 7062,
3931, 5904, 5893, 5893, 5904, 7063,
3967, 5936, 5935, 5935, 5936, 6219,
3968, 5937, 5936, 5936, 5937, 6219,
3968, 5899, 5885, 5885, 5899, 7062,
3969, 5935, 5937, 5937, 5935, 6219,
3970, 5939, 5938, 5938, 5939, 6220,
3971, 5940, 5939, 5939, 5940, 6220,
3971, 5894, 5904, 5904, 5894, 7063,
3972, 5938, 5940, 5940, 5938, 6220,
3973, 5942, 5294, 5294, 5942, 6928,
3974, 5298, 5520, 5520, 5298, 6986,
3978, 5536, 5304, 5304, 5536, 6987,
3979, 5302, 5950, 5950, 5302, 6929,
3981, 5386, 5942, 5942, 5386, 6928,
3987, 5950, 5402, 5402, 5950, 6929,
3989, 5492, 5418, 5418, 5492, 6934,
3995, 5430, 5504, 5504, 5430, 6935,
