7198, 10671, 10672, 10672, 10671, 15259,
7200, 10677, 10678, 10678, 10677, 15773,
7202, 10683, 10671, 10671, 10683, 15259,
7206, 10672, 10683, 10683, 10672, 15259,
7210, 10697, 10698, 10698, 10697, 15260,
7214, 10707, 10697, 10697, 10707, 15260,
7218, 10698, 10707, 10707, 10698, 15260,
7220, 10718, 10719, 10719, 10718, 15774,
7222, 10723, 10724, 10724, 10723, 15261,
7226, 10733, 10723, 10723, 10733, 15261,
7230, 10724, 10733, 10733, 10724, 15261,
7232, 10678, 10741, 10741, 10678, 15773,
7234, 10745, 10746, 10746, 10745, 15262,
7236, 10751, 10718, 10718, 10751, 15774,
7238, 10755, 10745, 10745, 10755, 15262,
7242, 10746, 10755, 10755, 10746, 15262,
7246, 10767, 10768, 10768, 10767, 15263,
7248, 10741, 10772, 10772, 10741, 15773,
7250, 10777, 10767, 10767, 10777, 15263,
7254, 10768, 10777, 10777, 10768, 15263,
7258, 10789, 10790, 10790, 10789, 15264,
7262, 10797, 10789, 10789, 10797, 15264,
7266, 10790, 10797, 10797, 10790, 15264,
7268, 10808, 10751, 10751, 10808, 15774,
7270, 10811, 10812, 10812, 10811, 15265,
7272, 10772, 10816, 10816, 10772, 15773,
7274, 10821, 10811, 10811, 10821, 15265,
7278, 10812, 10821, 10821, 10812, 15265,
7282, 10833, 10834, 10834, 10833, 15266,
7286, 10841, 10833, 10833, 10841, 15266,
7290, 10834, 10841, 10841, 10834, 15266,
7292, 10852, 10808, 10808, 10852, 15774,
7294, 10855, 10856, 10856, 10855, 15267,
7296, 10816, 10860, 10860, 10816, 15773,
7298, 10865, 10855, 10855, 10865, 15267,
7302, 10856, 10865, 10865, 10856, 15267,
7306, 10877, 10878, 10878, 10877, 15268,
7310, 10885, 10877, 10877, 10885, 15268,
7314, 10878, 10885, 10885, 10878, 15268,
7316, 10896, 10852, 10852, 10896, 15774,
7318, 10899, 10900, 10900, 10899, 15269,
7320, 10860, 10904, 10904, 10860, 15773,
7322, 10909, 10899, 10899, 10909, 15269,
7326, 10900, 10909, 10909, 10900, 15269,
7330, 10921, 10922, 10922, 10921, 15270,
7334, 10929, 10921, 10921, 10929, 15270,
7338, 10922, 10929, 10929, 10922, 15270,
7340, 10940, 10896, 10896, 10940, 15774,
7342, 10943, 10944, 10944, 10943, 15271,
7344, 10904, 10948, 10948, 10904, 15773,
7346, 10953, 10943, 10943, 10953, 15271,
7350, 10944, 10953, 10953, 10944, 15271,
7354, 10965, 10966, 10966, 10965, 15272,
7358, 10973, 10965, 10965, 10973, 15272,
7362, 10966, 10973, 10973, 10966, 15272,
7364, 10984, 10940, 10940, 10984, 15774,
7366, 10987, 10988, 10988, 10987, 15273,
7368, 10948, 10677, 10677, 10948, 15773,
7370, 10995, 10987, 10987, 10995, 15273,
7374, 10988, 10995, 10995, 10988, 15273,
7378, 11005, 11006, 11006, 11005, 15274,
7382, 11013, 11005, 11005, 11013, 15274,
7386, 11006, 11013, 11013, 11006, 15274,
7388, 10719, 10984, 10984, 10719, 15774,
7404, 11030, 11031, 11031, 11030, 15788,
7420, 11042, 11043, 11043, 11042, 15789,
7432, 11053, 11054, 11054, 11053, 15779,
7440, 11065, 11053, 11053, 11065, 15779,
7460, 11075, 11030, 11030, 11075, 15788,
7476, 11043, 11084, 11084, 11043, 15789,
7496, 11097, 11098, 11098, 11097, 15790,
7500, 11106, 11075, 11075, 11106, 15788,
7504, 11115, 11116, 11116, 11115, 15790,
7516, 11084, 11125, 11125, 11084, 15789,
7528, 11054, 11134, 11134, 11054, 15779,
7536, 11145, 11065, 11065, 11145, 15779,
7556, 11134, 11154, 11154, 11134, 15779,
7572, 11154, 11145, 11145, 11154, 15779,
7584, 11173, 11097, 11097, 11173, 15790,
7608, 11116, 11173, 11173, 11116, 15790,
7616, 11191, 11192, 11192, 11191, 15782,
7640, 11203, 11204, 11204, 11203, 15783,
7648, 11215, 11191, 11191, 11215, 15782,
7672, 11204, 11224, 11224, 11204, 15783,
7680, 11235, 11236, 11236, 11235, 15786,
7704, 11247, 11248, 11248, 11247, 15787,
7716, 11259, 11215, 11215, 11259, 15782,
7732, 11224, 11268, 11268, 11224, 15783,
7756, 11280, 11281, 11281, 11280, 15786,
7772, 11292, 11293, 11293, 11292, 15787,
7776, 11303, 11304, 11304, 11303, 15785,
7800, 11315, 11316, 11316, 11315, 15785,
7808, 11327, 11328, 11328, 11327, 15784,
7820, 11304, 11337, 11337, 11304, 15785,
7832, 11328, 11327, 11327, 11328, 15784,
7836, 11337, 11315, 11315, 11337, 15785,
7844, 11236, 11280, 11280, 11236, 15786,
7860, 11293, 11247, 11247, 11293, 15787,
7880, 11377, 11378, 11378, 11377, 15796,
7888, 11389, 11390, 11390, 11389, 15797,
7908, 11401, 11402, 11402, 11401, 15791,
7912, 11411, 11412, 11412, 11411, 15792,
7920, 11423, 11424, 11424, 11423, 15793,
7924, 11433, 11401, 11401, 11433, 15791,
7940, 11412, 11442, 11442, 11412, 15792,
7944, 11451, 11452, 11452, 11451, 15794,
7952, 11463, 11464, 11464, 11463, 15795,
7956, 11473, 11423, 11423, 11473, 15793,
7972, 11452, 11482, 11482, 11452, 15794,
7988, 11493, 11463, 11463, 11493, 15795,
8008, 11503, 11377, 11377, 11503, 15796,
8016, 11390, 11512, 11512, 11390, 15797,
8032, 11402, 11522, 11522, 11402, 15791,
8040, 11482, 11451, 11451, 11482, 15794,
8044, 11442, 11411, 11411, 11442, 15792,
8048, 11464, 11493, 11493, 11464, 15795,
8056, 11553, 11433, 11433, 11553, 15791,
8060, 11424, 11473, 11473, 11424, 15793,
8064, 11522, 11566, 11566, 11522, 15791,
8072, 11378, 11503, 11503, 11378, 15796,
8080, 11512, 11389, 11389, 11512, 15797,
8088, 11566, 11553, 11553, 11566, 15791,
8096, 11601, 11303, 11303, 11601, 15785,
8104, 11611, 11106, 11106, 11611, 15788,
8108, 11098, 11617, 11617, 11098, 15790,
8112, 11125, 11626, 11626, 11125, 15789,
8120, 11316, 11601, 11601, 11316, 15785,
8124, 11617, 11115, 11115, 11617, 15790,
8140, 11650, 11611, 11611, 11650, 15788,
8156, 11626, 11659, 11659, 11626, 15789,
8164, 11281, 11668, 11668, 11281, 15786,
8180, 11679, 11292, 11292, 11679, 15787,
8192, 11668, 11235, 11235, 11668, 15786,
8216, 11248, 11679, 11679, 11248, 15787,
8228, 11031, 11650, 11650, 11031, 15788,
8244, 11659, 11042, 11042, 11659, 15789,
8256, 11721, 11259, 11259, 11721, 15782,
8280, 11268, 11730, 11730, 11268, 15783,
8292, 11192, 11721, 11721, 11192, 15782,
8308, 11730, 11203, 11203, 11730, 15783,
8336, 11757, 11758, 11758, 11757, 15800,
8344, 11771, 11772, 11772, 11771, 15801,
8372, 11788, 11757, 11757, 11788, 15800,
8388, 11772, 11799, 11799, 11772, 15801,
8414, 11811, 11812, 11812, 11811, 15337,
8418, 11819, 11811, 11811, 11819, 15337,
8422, 11812, 11819, 11819, 11812, 15337,
8424, 11758, 11788, 11788, 11758, 15800,
8426, 11829, 11830, 11830, 11829, 15338,
8428, 11799, 11771, 11771, 11799, 15801,
8430, 11837, 11829, 11829, 11837, 15338,
8434, 11830, 11837, 11837, 11830, 15338,
8448, 11853, 11854, 11854, 11853, 15804,
8456, 11867, 11868, 11868, 11867, 15805,
8480, 11883, 11884, 11884, 11883, 15806,
8484, 11892, 11853, 11853, 11892, 15804,
8488, 11901, 11902, 11902, 11901, 15807,
8500, 11868, 11911, 11911, 11868, 15805,
8512, 11923, 11924, 11924, 11923, 15808,
8516, 11932, 11883, 11883, 11932, 15806,
8520, 11941, 11942, 11942, 11941, 15809,
8532, 11902, 11951, 11951, 11902, 15807,
8544, 11963, 11964, 11964, 11963, 15810,
8548, 11972, 11923, 11923, 11972, 15808,
8552, 11981, 11982, 11982, 11981, 15811,
8564, 11942, 11991, 11991, 11942, 15809,
8580, 12002, 11963, 11963, 12002, 15810,
8596, 11982, 12011, 12011, 11982, 15811,
8608, 12021, 12022, 12022, 12021, 15812,
8616, 12033, 12034, 12034, 12033, 15813,
8644, 12046, 12047, 12047, 12046, 15824,
8660, 12058, 12059, 12059, 12058, 15825,
8672, 12047, 12068, 12068, 12047, 15824,
8680, 12079, 12058, 12058, 12079, 15825,
8700, 12068, 12046, 12046, 12068, 15824,
8716, 12059, 12079, 12079, 12059, 15825,
8732, 12105, 12106, 12106, 12105, 15826,
8748, 12117, 12118, 12118, 12117, 15827,
8768, 12129, 12105, 12105, 12129, 15826,
8776, 12118, 12138, 12138, 12118, 15827,
8804, 12152, 12153, 12153, 12152, 15830,
8820, 12166, 12167, 12167, 12166, 15831,
8828, 12153, 12176, 12176, 12153, 15830,
8832, 12185, 12021, 12021, 12185, 15812,
8840, 12034, 12194, 12194, 12034, 15813,
8844, 12203, 12166, 12166, 12203, 15831,
8888, 12221, 12222, 12222, 12221, 15832,
8896, 12233, 12234, 12234, 12233, 15833,
8916, 12222, 12244, 12244, 12222, 15832,
8932, 12255, 12233, 12233, 12255, 15833,
8952, 12244, 12266, 12266, 12244, 15832,
8956, 12274, 12129, 12129, 12274, 15826,
8960, 12283, 12255, 12255, 12283, 15833,
8972, 12138, 12291, 12291, 12138, 15827,
8984, 12301, 12302, 12302, 12301, 15818,
8992, 12313, 12314, 12314, 12313, 15819,
9024, 12325, 12326, 12326, 12325, 15836,
9032, 12337, 12338, 12338, 12337, 15837,
9048, 12349, 12350, 12350, 12349, 15816,
9060, 12326, 12359, 12359, 12326, 15836,
9072, 12371, 12372, 12372, 12371, 15817,
9076, 12380, 12337, 12337, 12380, 15837,
9080, 12389, 12002, 12002, 12389, 15810,
9104, 12011, 12398, 12398, 12011, 15811,
9112, 12409, 12410, 12410, 12409, 15781,
9136, 12421, 12409, 12409, 12421, 15781,
9144, 12431, 11892, 11892, 12431, 15804,
9148, 11884, 11932, 11932, 11884, 15806,
9152, 11924, 11972, 11972, 11924, 15808,
9156, 11964, 12449, 12449, 11964, 15810,
9160, 11991, 11941, 11941, 11991, 15809,
9164, 11951, 11901, 11901, 11951, 15807,
9168, 11911, 12470, 12470, 11911, 15805,
9172, 12478, 11981, 11981, 12478, 15811,
9176, 12487, 12431, 12431, 12487, 15804,
9180, 12449, 12389, 12389, 12449, 15810,
9188, 12410, 12501, 12501, 12410, 15781,
9196, 12398, 12478, 12478, 12398, 15811,
9200, 12470, 12518, 12518, 12470, 15805,
9204, 12526, 12421, 12421, 12526, 15781,
9206, 12529, 12530, 12530, 12529, 15385,
9210, 12539, 12529, 12529, 12539, 15385,
9212, 11854, 12487, 12487, 11854, 15804,
9214, 12530, 12539, 12539, 12530, 15385,
9216, 12501, 12547, 12547, 12501, 15781,
9218, 12551, 12552, 12552, 12551, 15386,
9220, 12547, 12526, 12526, 12547, 15781,
9222, 12559, 12551, 12551, 12559, 15386,
9224, 12518, 11867, 11867, 12518, 15805,
9226, 12552, 12559, 12559, 12552, 15386,
9236, 12575, 12576, 12576, 12575, 15814,
9252, 12587, 12588, 12588, 12587, 15815,
9264, 12576, 12598, 12598, 12576, 15814,
9268, 12607, 12608, 12608, 12607, 15840,
9284, 12619, 12620, 12620, 12619, 15841,
9288, 12629, 12587, 12587, 12629, 15815,
9296, 12639, 12349, 12349, 12639, 15816,
9300, 12359, 12325, 12325, 12359, 15836,
9308, 12608, 12653, 12653, 12608, 15840,
9316, 12338, 12380, 12380, 12338, 15837,
9320, 12372, 12670, 12670, 12372, 15817,
9324, 12678, 12619, 12619, 12678, 15841,
9328, 12687, 12221, 12221, 12687, 15832,
9340, 12696, 12697, 12697, 12696, 15842,
9352, 12234, 12708, 12708, 12234, 15833,
9356, 12716, 12717, 12717, 12716, 15843,
9360, 12727, 12728, 12728, 12727, 15818,
9364, 12737, 12696, 12696, 12737, 15842,
9372, 12746, 12747, 12747, 12746, 15820,
9380, 12717, 12758, 12758, 12717, 15843,
9384, 12767, 12768, 12768, 12767, 15819,
9388, 12776, 12777, 12777, 12776, 15821,
9396, 12022, 12788, 12788, 12022, 15812,
9400, 12797, 12737, 12737, 12797, 15842,
9404, 12728, 12301, 12301, 12728, 15818,
9408, 12758, 12810, 12810, 12758, 15843,
9412, 12819, 12033, 12033, 12819, 15813,
9420, 12314, 12767, 12767, 12314, 15819,
9424, 12788, 12834, 12834, 12788, 15812,
9432, 12106, 12846, 12846, 12106, 15826,
9436, 12854, 12797, 12797, 12854, 15842,
9440, 12863, 12117, 12117, 12863, 15827,
9448, 12875, 12819, 12819, 12875, 15813,
9452, 12810, 12881, 12881, 12810, 15843,
9454, 12885, 12886, 12886, 12885, 15401,
9456, 12846, 12274, 12274, 12846, 15826,
9458, 12893, 12885, 12885, 12893, 15401,
9460, 12266, 12687, 12687, 12266, 15832,
9462, 12886, 12893, 12893, 12886, 15401,
9464, 12697, 12854, 12854, 12697, 15842,
9466, 12903, 12904, 12904, 12903, 15402,
9468, 12881, 12716, 12716, 12881, 15843,
9470, 12911, 12903, 12903, 12911, 15402,
9472, 12708, 12283, 12283, 12708, 15833,
9474, 12904, 12911, 12911, 12904, 15402,
9476, 12291, 12863, 12863, 12291, 15827,
9478, 12921, 12922, 12922, 12921, 15403,
9480, 12834, 12185, 12185, 12834, 15812,
9482, 12929, 12921, 12921, 12929, 15403,
9484, 12176, 12152, 12152, 12176, 15830,
9486, 12922, 12929, 12929, 12922, 15403,
9490, 12939, 12940, 12940, 12939, 15404,
9494, 12947, 12939, 12939, 12947, 15404,
9496, 12167, 12203, 12203, 12167, 15831,
9498, 12940, 12947, 12947, 12940, 15404,
9500, 12194, 12875, 12875, 12194, 15813,
9504, 12350, 12962, 12962, 12350, 15816,
9512, 12973, 12974, 12974, 12973, 15838,
9520, 12985, 12986, 12986, 12985, 15839,
9528, 12997, 12371, 12371, 12997, 15817,
9544, 12974, 13006, 13006, 12974, 15838,
9552, 13019, 12985, 12985, 13019, 15839,
9568, 13031, 12746, 12746, 13031, 15820,
9576, 13041, 12973, 12973, 13041, 15838,
9584, 12986, 13050, 13050, 12986, 15839,
9592, 12777, 13060, 13060, 12777, 15821,
9608, 13073, 13041, 13041, 13073, 15838,
9616, 13050, 13082, 13082, 13050, 15839,
9630, 13089, 13090, 13090, 13089, 15413,
9634, 13097, 13089, 13089, 13097, 15413,
9636, 13006, 13073, 13073, 13006, 15838,
9638, 13090, 13097, 13097, 13090, 15413,
9642, 13107, 13108, 13108, 13107, 15414,
9646, 13115, 13107, 13107, 13115, 15414,
9648, 13082, 13019, 13019, 13082, 15839,
9650, 13108, 13115, 13115, 13108, 15414,
9656, 13131, 12727, 12727, 13131, 15818,
9660, 12747, 13138, 13138, 12747, 15820,
9664, 13147, 13148, 13148, 13147, 15848,
9672, 13161, 13162, 13162, 13161, 15849,
9676, 13171, 12776, 12776, 13171, 15821,
9680, 12768, 13178, 13178, 12768, 15819,
9688, 13138, 13190, 13190, 13138, 15820,
9700, 13200, 13147, 13147, 13200, 15848,
9712, 13211, 13171, 13171, 13211, 15821,
9716, 13162, 13217, 13217, 13162, 15849,
9724, 12302, 13131, 13131, 12302, 15818,
9732, 13236, 12575, 12575, 13236, 15814,
9740, 13178, 12313, 12313, 13178, 15819,
9748, 12588, 13253, 13253, 12588, 15815,
9752, 13263, 13264, 13264, 13263, 15840,
9776, 13275, 13276, 13276, 13275, 15841,
9796, 13288, 13200, 13200, 13288, 15848,
9812, 13217, 13297, 13297, 13217, 15849,
9820, 13307, 13308, 13308, 13307, 15850,
9824, 13317, 13288, 13288, 13317, 15848,
9832, 13297, 13326, 13326, 13297, 15849,
9836, 13335, 13336, 13336, 13335, 15851,
9852, 13349, 13307, 13307, 13349, 15850,
9860, 13358, 13359, 13359, 13358, 15844,
9868, 13336, 13370, 13370, 13336, 15851,
9876, 13380, 13381, 13381, 13380, 15845,
9888, 13391, 13349, 13349, 13391, 15850,
9896, 13370, 13400, 13400, 13370, 15851,
9912, 12598, 13410, 13410, 12598, 15814,
9924, 13264, 12607, 12607, 13264, 15840,
9936, 13429, 12629, 12629, 13429, 15815,
9940, 12620, 13275, 13275, 12620, 15841,
9944, 13410, 13236, 13236, 13410, 15814,
9952, 13453, 13391, 13391, 13453, 15850,
9960, 13400, 13462, 13462, 13400, 15851,
9968, 13253, 13429, 13429, 13253, 15815,
9974, 13477, 13478, 13478, 13477, 15435,
9978, 13485, 13477, 13477, 13485, 15435,
9980, 13148, 13317, 13317, 13148, 15848,
9982, 13478, 13485, 13485, 13478, 15435,
9984, 13308, 13453, 13453, 13308, 15850,
9986, 13495, 13496, 13496, 13495, 15436,
9988, 13462, 13335, 13335, 13462, 15851,
9990, 13503, 13495, 13495, 13503, 15436,
9992, 13326, 13161, 13161, 13326, 15849,
9994, 13496, 13503, 13503, 13496, 15436,
10008, 13519, 13520, 13520, 13519, 15854,
10016, 13531, 13532, 13532, 13531, 15855,
10036, 13359, 13544, 13544, 13359, 15844,
10044, 13554, 13519, 13519, 13554, 15854,
10052, 13565, 13380, 13380, 13565, 15845,
10060, 13532, 13573, 13573, 13532, 15855,
10064, 13544, 13358, 13358, 13544, 15844,
10088, 13381, 13565, 13565, 13381, 15845,
10104, 13599, 13600, 13600, 13599, 15852,
10112, 13611, 13612, 13612, 13611, 15853,
10140, 13624, 13599, 13599, 13624, 15852,
10156, 13612, 13633, 13633, 13612, 15853,
10200, 13651, 13652, 13652, 13651, 15860,
10208, 13663, 13664, 13664, 13663, 15861,
10252, 13520, 13554, 13554, 13520, 15854,
10268, 13573, 13531, 13531, 13573, 15855,
10272, 13600, 13624, 13624, 13600, 15852,
10296, 13633, 13611, 13611, 13633, 15853,
10308, 13715, 13651, 13651, 13715, 15860,
10324, 13664, 13724, 13724, 13664, 15861,
10344, 13652, 13715, 13715, 13652, 15860,
10352, 13724, 13663, 13663, 13724, 15861,
10366, 13753, 13754, 13754, 13753, 15457,
10370, 13761, 13753, 13753, 13761, 15457,
10374, 13754, 13761, 13761, 13754, 15457,
10378, 13771, 13772, 13772, 13771, 15458,
10382, 13779, 13771, 13771, 13779, 15458,
10386, 13772, 13779, 13779, 13772, 15458,
10412, 13798, 13799, 13799, 13798, 15866,
10428, 13812, 13813, 13813, 13812, 15867,
10440, 13799, 13822, 13822, 13799, 15866,
10448, 13835, 13812, 13812, 13835, 15867,
10486, 13849, 13850, 13850, 13849, 15463,
10490, 13857, 13849, 13849, 13857, 15463,
10492, 13822, 13798, 13798, 13822, 15866,
10494, 13850, 13857, 13857, 13850, 15463,
10498, 13867, 13868, 13868, 13867, 15464,
10502, 13875, 13867, 13867, 13875, 15464,
10504, 13813, 13835, 13835, 13813, 15867,
10506, 13868, 13875, 13875, 13868, 15464,
10512, 13891, 12639, 12639, 13891, 15816,
10516, 12653, 13263, 13263, 12653, 15840,
10532, 13276, 12678, 12678, 13276, 15841,
10536, 12670, 13912, 13912, 12670, 15817,
10544, 12962, 13891, 13891, 12962, 15816,
10568, 13912, 12997, 12997, 13912, 15817,
10576, 13190, 13031, 13031, 13190, 15820,
10600, 13060, 13211, 13211, 13060, 15821,
