15872, 21637, 21638, 21638, 21637, 27990,
15880, 21649, 21650, 21650, 21649, 28022,
15888, 21661, 21637, 21637, 21661, 27990,
15904, 21638, 21661, 21661, 21638, 27990,
15920, 21679, 21680, 21680, 21679, 27991,
15936, 21691, 21679, 21679, 21691, 27991,
15952, 21680, 21691, 21691, 21680, 27991,
15960, 21709, 21710, 21710, 21709, 28023,
15968, 21721, 21722, 21722, 21721, 27992,
15984, 21733, 21721, 21721, 21733, 27992,
16000, 21722, 21733, 21733, 21722, 27992,
16008, 21650, 21750, 21750, 21650, 28022,
16016, 21761, 21762, 21762, 21761, 27993,
16024, 21773, 21709, 21709, 21773, 28023,
16032, 21783, 21761, 21761, 21783, 27993,
16048, 21762, 21783, 21783, 21762, 27993,
16064, 21801, 21802, 21802, 21801, 27994,
16072, 21750, 21812, 21812, 21750, 28022,
16080, 21823, 21801, 21801, 21823, 27994,
16096, 21802, 21823, 21823, 21802, 27994,
16112, 21841, 21842, 21842, 21841, 27995,
16128, 21853, 21841, 21841, 21853, 27995,
16144, 21842, 21853, 21853, 21842, 27995,
16152, 21871, 21773, 21773, 21871, 28023,
16160, 21881, 21882, 21882, 21881, 27996,
16168, 21812, 21892, 21892, 21812, 28022,
16176, 21903, 21881, 21881, 21903, 27996,
16192, 21882, 21903, 21903, 21882, 27996,
16208, 21921, 21922, 21922, 21921, 27997,
16224, 21933, 21921, 21921, 21933, 27997,
16240, 21922, 21933, 21933, 21922, 27997,
16248, 21951, 21871, 21871, 21951, 28023,
16256, 21961, 21962, 21962, 21961, 27998,
16264, 21892, 21972, 21972, 21892, 28022,
16272, 21983, 21961, 21961, 21983, 27998,
16288, 21962, 21983, 21983, 21962, 27998,
16304, 22001, 22002, 22002, 22001, 27999,
16320, 22013, 22001, 22001, 22013, 27999,
16336, 22002, 22013, 22013, 22002, 27999,
16344, 22031, 21951, 21951, 22031, 28023,
16352, 22041, 22042, 22042, 22041, 28000,
16360, 21972, 22052, 22052, 21972, 28022,
16368, 22063, 22041, 22041, 22063, 28000,
16384, 22042, 22063, 22063, 22042, 28000,
16400, 22081, 22082, 22082, 22081, 28001,
16416, 22093, 22081, 22081, 22093, 28001,
16432, 22082, 22093, 22093, 22082, 28001,
16440, 22111, 22031, 22031, 22111, 28023,
16448, 22121, 22122, 22122, 22121, 28002,
16456, 22052, 22132, 22132, 22052, 28022,
16464, 22143, 22121, 22121, 22143, 28002,
16480, 22122, 22143, 22143, 22122, 28002,
16496, 22161, 22162, 22162, 22161, 28003,
16512, 22173, 22161, 22161, 22173, 28003,
16528, 22162, 22173, 22173, 22162, 28003,
16536, 22191, 22111, 22111, 22191, 28023,
16544, 22201, 22202, 22202, 22201, 28004,
16552, 22132, 21649, 21649, 22132, 28022,
16560, 22221, 22201, 22201, 22221, 28004,
16576, 22202, 22221, 22221, 22202, 28004,
16592, 22239, 22240, 22240, 22239, 28005,
16608, 22251, 22239, 22239, 22251, 28005,
16624, 22240, 22251, 22251, 22240, 28005,
16632, 21710, 22191, 22191, 21710, 28023,
16648, 22277, 22278, 22278, 22277, 28032,
16664, 22289, 22290, 22290, 22289, 28033,
16680, 22301, 22302, 22302, 22301, 28024,
16696, 22313, 22301, 22301, 22313, 28024,
16712, 22323, 22277, 22277, 22323, 28032,
16728, 22290, 22332, 22332, 22290, 28033,
16744, 22343, 22344, 22344, 22343, 28034,
16760, 22355, 22323, 22323, 22355, 28032,
16776, 22365, 22366, 22366, 22365, 28034,
16792, 22332, 22376, 22376, 22332, 28033,
16808, 22302, 22386, 22386, 22302, 28024,
16824, 22397, 22313, 22313, 22397, 28024,
16840, 22386, 22406, 22406, 22386, 28024,
16856, 22406, 22397, 22397, 22406, 28024,
16872, 22425, 22343, 22343, 22425, 28034,
16888, 22366, 22425, 22425, 22366, 28034,
16904, 22443, 22444, 22444, 22443, 28026,
16920, 22455, 22456, 22456, 22455, 28027,
16936, 22467, 22443, 22443, 22467, 28026,
16952, 22456, 22476, 22476, 22456, 28027,
16968, 22487, 22488, 22488, 22487, 28030,
16984, 22499, 22500, 22500, 22499, 28031,
17000, 22511, 22467, 22467, 22511, 28026,
17016, 22476, 22520, 22520, 22476, 28027,
17032, 22531, 22532, 22532, 22531, 28030,
17048, 22543, 22544, 22544, 22543, 28031,
17064, 22555, 22556, 22556, 22555, 28029,
17080, 22567, 22568, 22568, 22567, 28029,
17096, 22579, 22580, 22580, 22579, 28028,
17112, 22556, 22590, 22590, 22556, 28029,
17128, 22580, 22579, 22579, 22580, 28028,
17144, 22590, 22567, 22567, 22590, 28029,
17160, 22488, 22531, 22531, 22488, 28030,
17176, 22544, 22499, 22499, 22544, 28031,
17192, 22633, 22634, 22634, 22633, 28040,
17208, 22645, 22646, 22646, 22645, 28041,
17224, 22657, 22658, 22658, 22657, 28035,
17240, 22669, 22670, 22670, 22669, 28036,
17256, 22681, 22682, 22682, 22681, 28037,
17272, 22693, 22657, 22657, 22693, 28035,
17288, 22670, 22702, 22702, 22670, 28036,
17304, 22713, 22714, 22714, 22713, 28038,
17320, 22725, 22726, 22726, 22725, 28039,
17336, 22737, 22681, 22681, 22737, 28037,
17352, 22714, 22746, 22746, 22714, 28038,
17368, 22757, 22725, 22725, 22757, 28039,
17384, 22767, 22633, 22633, 22767, 28040,
17400, 22646, 22776, 22776, 22646, 28041,
17416, 22658, 22786, 22786, 22658, 28035,
17432, 22746, 22713, 22713, 22746, 28038,
17448, 22702, 22669, 22669, 22702, 28036,
17464, 22726, 22757, 22757, 22726, 28039,
17480, 22821, 22693, 22693, 22821, 28035,
17496, 22682, 22737, 22737, 22682, 28037,
17512, 22786, 22838, 22838, 22786, 28035,
17528, 22634, 22767, 22767, 22634, 28040,
17544, 22776, 22645, 22645, 22776, 28041,
17560, 22838, 22821, 22821, 22838, 28035,
17576, 22873, 22555, 22555, 22873, 28029,
17592, 22883, 22355, 22355, 22883, 28032,
17608, 22344, 22892, 22892, 22344, 28034,
17624, 22376, 22902, 22902, 22376, 28033,
17640, 22568, 22873, 22873, 22568, 28029,
17656, 22892, 22365, 22365, 22892, 28034,
17672, 22929, 22883, 22883, 22929, 28032,
17688, 22902, 22938, 22938, 22902, 28033,
17704, 22532, 22948, 22948, 22532, 28030,
17720, 22959, 22543, 22543, 22959, 28031,
17736, 22948, 22487, 22487, 22948, 28030,
17752, 22500, 22959, 22959, 22500, 28031,
17768, 22278, 22929, 22929, 22278, 28032,
17784, 22938, 22289, 22289, 22938, 28033,
17800, 23001, 22511, 22511, 23001, 28026,
17816, 22520, 23010, 23010, 22520, 28027,
17832, 22444, 23001, 23001, 22444, 28026,
17848, 23010, 22455, 22455, 23010, 28027,
17864, 23037, 23038, 23038, 23037, 28042,
17880, 23049, 23050, 23050, 23049, 28043,
17896, 23061, 23037, 23037, 23061, 28042,
17912, 23050, 23070, 23070, 23050, 28043,
17920, 23081, 23082, 23082, 23081, 28006,
17936, 23093, 23081, 23081, 23093, 28006,
17952, 23082, 23093, 23093, 23082, 28006,
17960, 23038, 23061, 23061, 23038, 28042,
17968, 23119, 23120, 23120, 23119, 28007,
17976, 23070, 23049, 23049, 23070, 28043,
17984, 23139, 23119, 23119, 23139, 28007,
18000, 23120, 23139, 23139, 23120, 28007,
18024, 23157, 23158, 23158, 23157, 28044,
18040, 23169, 23170, 23170, 23169, 28045,
18056, 23181, 23182, 23182, 23181, 28046,
18072, 23193, 23157, 23157, 23193, 28044,
18088, 23203, 23204, 23204, 23203, 28047,
18104, 23170, 23214, 23214, 23170, 28045,
18120, 23225, 23226, 23226, 23225, 28048,
18136, 23237, 23181, 23181, 23237, 28046,
18152, 23247, 23248, 23248, 23247, 28049,
18168, 23204, 23258, 23258, 23204, 28047,
18184, 23269, 23270, 23270, 23269, 28050,
18200, 23281, 23225, 23225, 23281, 28048,
18216, 23291, 23292, 23292, 23291, 28051,
18232, 23248, 23302, 23302, 23248, 28049,
18248, 23313, 23269, 23269, 23313, 28050,
18264, 23292, 23322, 23322, 23292, 28051,
18280, 23333, 23334, 23334, 23333, 28052,
18296, 23345, 23346, 23346, 23345, 28053,
18312, 23357, 23358, 23358, 23357, 28062,
18328, 23369, 23370, 23370, 23369, 28063,
18344, 23358, 23380, 23380, 23358, 28062,
18360, 23391, 23369, 23369, 23391, 28063,
18376, 23380, 23357, 23357, 23380, 28062,
18392, 23370, 23391, 23391, 23370, 28063,
18408, 23417, 23418, 23418, 23417, 28064,
18424, 23429, 23430, 23430, 23429, 28065,
18440, 23441, 23417, 23417, 23441, 28064,
18456, 23430, 23450, 23450, 23430, 28065,
18472, 23461, 23462, 23462, 23461, 28066,
18488, 23473, 23474, 23474, 23473, 28067,
18504, 23462, 23484, 23484, 23462, 28066,
18520, 23495, 23333, 23333, 23495, 28052,
18536, 23346, 23504, 23504, 23346, 28053,
18552, 23515, 23473, 23473, 23515, 28067,
18568, 23525, 23526, 23526, 23525, 28068,
18584, 23537, 23538, 23538, 23537, 28069,
18600, 23526, 23548, 23548, 23526, 28068,
18616, 23559, 23537, 23537, 23559, 28069,
18632, 23548, 23568, 23568, 23548, 28068,
18648, 23579, 23441, 23441, 23579, 28064,
18664, 23589, 23559, 23559, 23589, 28069,
18680, 23450, 23598, 23598, 23450, 28065,
18696, 23609, 23610, 23610, 23609, 28058,
18712, 23621, 23622, 23622, 23621, 28059,
18728, 23633, 23634, 23634, 23633, 28070,
18744, 23645, 23646, 23646, 23645, 28071,
18760, 23657, 23658, 23658, 23657, 28056,
18776, 23634, 23668, 23668, 23634, 28070,
18792, 23679, 23680, 23680, 23679, 28057,
18808, 23691, 23645, 23645, 23691, 28071,
18824, 23701, 23313, 23313, 23701, 28050,
18840, 23322, 23710, 23710, 23322, 28051,
18856, 23721, 23722, 23722, 23721, 28025,
18872, 23733, 23721, 23721, 23733, 28025,
18888, 23743, 23193, 23193, 23743, 28044,
18904, 23182, 23237, 23237, 23182, 28046,
18920, 23226, 23281, 23281, 23226, 28048,
18936, 23270, 23768, 23768, 23270, 28050,
18952, 23302, 23247, 23247, 23302, 28049,
18968, 23258, 23203, 23203, 23258, 28047,
18984, 23214, 23794, 23794, 23214, 28045,
19000, 23805, 23291, 23291, 23805, 28051,
19016, 23815, 23743, 23743, 23815, 28044,
19032, 23768, 23701, 23701, 23768, 28050,
19048, 23722, 23832, 23832, 23722, 28025,
19064, 23710, 23805, 23805, 23710, 28051,
19080, 23794, 23850, 23850, 23794, 28045,
19096, 23861, 23733, 23733, 23861, 28025,
19104, 23871, 23872, 23872, 23871, 28008,
19120, 23883, 23871, 23871, 23883, 28008,
19128, 23158, 23815, 23815, 23158, 28044,
19136, 23872, 23883, 23883, 23872, 28008,
19144, 23832, 23908, 23908, 23832, 28025,
19152, 23919, 23920, 23920, 23919, 28009,
19160, 23908, 23861, 23861, 23908, 28025,
19168, 23939, 23919, 23919, 23939, 28009,
19176, 23850, 23169, 23169, 23850, 28045,
19184, 23920, 23939, 23939, 23920, 28009,
19208, 23965, 23966, 23966, 23965, 28054,
19224, 23977, 23978, 23978, 23977, 28055,
19240, 23966, 23988, 23988, 23966, 28054,
19256, 23999, 24000, 24000, 23999, 28074,
19272, 24011, 24012, 24012, 24011, 28075,
19288, 24023, 23977, 23977, 24023, 28055,
19304, 24033, 23657, 23657, 24033, 28056,
19320, 23668, 23633, 23633, 23668, 28070,
19336, 24000, 24050, 24050, 24000, 28074,
19352, 23646, 23691, 23691, 23646, 28071,
19368, 23680, 24068, 24068, 23680, 28057,
19384, 24079, 24011, 24011, 24079, 28075,
19400, 24089, 23525, 23525, 24089, 28068,
19416, 24099, 24100, 24100, 24099, 28076,
19432, 23538, 24110, 24110, 23538, 28069,
19448, 24121, 24122, 24122, 24121, 28077,
19464, 24133, 24134, 24134, 24133, 28058,
19480, 24145, 24099, 24099, 24145, 28076,
19496, 24155, 24156, 24156, 24155, 28060,
19512, 24122, 24166, 24166, 24122, 28077,
19528, 24177, 24178, 24178, 24177, 28059,
19544, 24189, 24190, 24190, 24189, 28061,
19560, 23334, 24200, 24200, 23334, 28052,
19576, 24211, 24145, 24145, 24211, 28076,
19592, 24134, 23609, 23609, 24134, 28058,
19608, 24166, 24228, 24228, 24166, 28077,
19624, 24239, 23345, 23345, 24239, 28053,
19640, 23622, 24177, 24177, 23622, 28059,
19656, 24200, 24256, 24256, 24200, 28052,
19672, 23418, 24266, 24266, 23418, 28064,
19688, 24277, 24211, 24211, 24277, 28076,
19704, 24287, 23429, 23429, 24287, 28065,
19720, 24297, 24239, 24239, 24297, 28053,
19736, 24228, 24306, 24306, 24228, 28077,
19744, 24317, 24318, 24318, 24317, 28010,
19752, 24266, 23579, 23579, 24266, 28064,
19760, 24337, 24317, 24317, 24337, 28010,
19768, 23568, 24089, 24089, 23568, 28068,
19776, 24318, 24337, 24337, 24318, 28010,
19784, 24100, 24277, 24277, 24100, 28076,
19792, 24371, 24372, 24372, 24371, 28011,
19800, 24306, 24121, 24121, 24306, 28077,
19808, 24391, 24371, 24371, 24391, 28011,
19816, 24110, 23589, 23589, 24110, 28069,
19824, 24372, 24391, 24391, 24372, 28011,
19832, 23598, 24287, 24287, 23598, 28065,
19840, 24425, 24426, 24426, 24425, 28012,
19848, 24256, 23495, 23495, 24256, 28052,
19856, 24445, 24425, 24425, 24445, 28012,
19864, 23484, 23461, 23461, 23484, 28066,
19872, 24426, 24445, 24445, 24426, 28012,
19888, 24471, 24472, 24472, 24471, 28013,
19904, 24483, 24471, 24471, 24483, 28013,
19912, 23474, 23515, 23515, 23474, 28067,
19920, 24472, 24483, 24483, 24472, 28013,
19928, 23504, 24297, 24297, 23504, 28053,
19944, 23658, 24516, 24516, 23658, 28056,
19960, 24527, 24528, 24528, 24527, 28072,
19976, 24539, 24540, 24540, 24539, 28073,
19992, 24551, 23679, 23679, 24551, 28057,
20008, 24528, 24560, 24560, 24528, 28072,
20024, 24571, 24539, 24539, 24571, 28073,
20040, 24581, 24155, 24155, 24581, 28060,
20056, 24591, 24527, 24527, 24591, 28072,
20072, 24540, 24600, 24600, 24540, 28073,
20088, 24190, 24610, 24610, 24190, 28061,
20104, 24621, 24591, 24591, 24621, 28072,
20120, 24600, 24630, 24630, 24600, 28073,
20128, 24641, 24642, 24642, 24641, 28014,
20144, 24653, 24641, 24641, 24653, 28014,
20152, 24560, 24621, 24621, 24560, 28072,
20160, 24642, 24653, 24653, 24642, 28014,
20176, 24679, 24680, 24680, 24679, 28015,
20192, 24691, 24679, 24679, 24691, 28015,
20200, 24630, 24571, 24571, 24630, 28073,
20208, 24680, 24691, 24691, 24680, 28015,
20232, 24717, 24133, 24133, 24717, 28058,
20248, 24156, 24726, 24726, 24156, 28060,
20264, 24737, 24738, 24738, 24737, 28080,
20280, 24749, 24750, 24750, 24749, 28081,
20296, 24761, 24189, 24189, 24761, 28061,
20312, 24178, 24770, 24770, 24178, 28059,
20328, 24726, 24780, 24780, 24726, 28060,
20344, 24791, 24737, 24737, 24791, 28080,
20360, 24801, 24761, 24761, 24801, 28061,
20376, 24750, 24810, 24810, 24750, 28081,
20392, 23610, 24717, 24717, 23610, 28058,
20408, 24829, 23965, 23965, 24829, 28054,
20424, 24770, 23621, 23621, 24770, 28059,
20440, 23978, 24846, 24846, 23978, 28055,
20456, 24857, 24858, 24858, 24857, 28074,
20472, 24869, 24870, 24870, 24869, 28075,
20488, 24881, 24791, 24791, 24881, 28080,
20504, 24810, 24890, 24890, 24810, 28081,
20520, 24901, 24902, 24902, 24901, 28082,
20536, 24913, 24881, 24881, 24913, 28080,
20552, 24890, 24922, 24922, 24890, 28081,
20568, 24933, 24934, 24934, 24933, 28083,
20584, 24945, 24901, 24901, 24945, 28082,
20600, 24955, 24956, 24956, 24955, 28078,
20616, 24934, 24966, 24966, 24934, 28083,
20632, 24977, 24978, 24978, 24977, 28079,
20648, 24989, 24945, 24945, 24989, 28082,
20664, 24966, 24998, 24998, 24966, 28083,
20680, 23988, 25008, 25008, 23988, 28054,
20696, 24858, 23999, 23999, 24858, 28074,
20712, 25027, 24023, 24023, 25027, 28055,
20728, 24012, 24869, 24869, 24012, 28075,
20744, 25008, 24829, 24829, 25008, 28054,
20760, 25053, 24989, 24989, 25053, 28082,
20776, 24998, 25062, 25062, 24998, 28083,
20792, 24846, 25027, 25027, 24846, 28055,
20800, 25081, 25082, 25082, 25081, 28016,
20816, 25093, 25081, 25081, 25093, 28016,
20824, 24738, 24913, 24913, 24738, 28080,
20832, 25082, 25093, 25093, 25082, 28016,
20840, 24902, 25053, 25053, 24902, 28082,
20848, 25127, 25128, 25128, 25127, 28017,
20856, 25062, 24933, 24933, 25062, 28083,
20864, 25147, 25127, 25127, 25147, 28017,
20872, 24922, 24749, 24749, 24922, 28081,
20880, 25128, 25147, 25147, 25128, 28017,
20904, 25173, 25174, 25174, 25173, 28086,
20920, 25185, 25186, 25186, 25185, 28087,
20936, 24956, 25196, 25196, 24956, 28078,
20952, 25207, 25173, 25173, 25207, 28086,
20968, 25217, 24977, 24977, 25217, 28079,
20984, 25186, 25226, 25226, 25186, 28087,
21000, 25196, 24955, 24955, 25196, 28078,
21016, 24978, 25217, 25217, 24978, 28079,
21032, 25253, 25254, 25254, 25253, 28084,
21048, 25265, 25266, 25266, 25265, 28085,
21064, 25277, 25253, 25253, 25277, 28084,
21080, 25266, 25286, 25286, 25266, 28085,
21096, 25297, 25298, 25298, 25297, 28088,
21112, 25309, 25310, 25310, 25309, 28089,
21128, 25174, 25207, 25207, 25174, 28086,
21144, 25226, 25185, 25185, 25226, 28087,
21160, 25254, 25277, 25277, 25254, 28084,
21176, 25286, 25265, 25265, 25286, 28085,
21192, 25353, 25297, 25297, 25353, 28088,
21208, 25310, 25362, 25362, 25310, 28089,
21224, 25298, 25353, 25353, 25298, 28088,
21240, 25362, 25309, 25309, 25362, 28089,
21248, 25389, 25390, 25390, 25389, 28018,
21264, 25401, 25389, 25389, 25401, 28018,
21280, 25390, 25401, 25401, 25390, 28018,
21296, 25419, 25420, 25420, 25419, 28019,
21312, 25431, 25419, 25419, 25431, 28019,
21328, 25420, 25431, 25431, 25420, 28019,
21352, 25449, 25450, 25450, 25449, 28090,
21368, 25461, 25462, 25462, 25461, 28091,
21384, 25450, 25472, 25472, 25450, 28090,
21400, 25483, 25461, 25461, 25483, 28091,
21408, 25493, 25494, 25494, 25493, 28020,
21424, 25505, 25493, 25493, 25505, 28020,
21432, 25472, 25449, 25449, 25472, 28090,
21440, 25494, 25505, 25505, 25494, 28020,
21456, 25531, 25532, 25532, 25531, 28021,
21472, 25543, 25531, 25531, 25543, 28021,
21480, 25462, 25483, 25483, 25462, 28091,
21488, 25532, 25543, 25543, 25532, 28021,
21512, 25569, 24033, 24033, 25569, 28056,
21528, 24050, 24857, 24857, 24050, 28074,
21544, 24870, 24079, 24079, 24870, 28075,
21560, 24068, 25594, 25594, 24068, 28057,
21576, 24516, 25569, 25569, 24516, 28056,
21592, 25594, 24551, 24551, 25594, 28057,
21608, 24780, 24581, 24581, 24780, 28060,
21624, 24610, 24801, 24801, 24610, 28061,
