46, 0, 44, 44, 0, 2,
3, 1, 45, 45, 1, 47,
0, 10, 2, 2, 10, 8,
9, 11, 3, 3, 11, 1,
10, 12, 8, 8, 12, 14,
15, 13, 9, 9, 13, 11,
12, 22, 14, 14, 22, 20,
21, 23, 15, 15, 23, 13,
22, 24, 20, 20, 24, 26,
27, 25, 21, 21, 25, 23,
24, 34, 26, 26, 34, 32,
33, 35, 27, 27, 35, 25,
34, 36, 32, 32, 36, 38,
39, 37, 33, 33, 37, 35,
36, 46, 38, 38, 46, 44,
45, 47, 39, 39, 47, 37,
46, 36, 48, 48, 36, 50,
51, 37, 49, 49, 37, 47,
36, 34, 50, 50, 34, 52,
53, 35, 51, 51, 35, 37,
34, 24, 52, 52, 24, 54,
55, 25, 53, 53, 25, 35,
24, 22, 54, 54, 22, 56,
57, 23, 55, 55, 23, 25,
22, 12, 56, 56, 12, 58,
59, 13, 57, 57, 13, 23,
12, 10, 58, 58, 10, 62,
63, 11, 59, 59, 11, 13,
10, 0, 62, 62, 0, 64,
65, 1, 63, 63, 1, 11,
0, 46, 64, 64, 46, 48,
49, 47, 65, 65, 47, 1,
88, 173, 90, 90, 173, 175,
175, 174, 90, 90, 174, 89,
86, 171, 88, 88, 171, 173,
174, 172, 89, 89, 172, 87,
84, 169, 86, 86, 169, 171,
172, 170, 87, 87, 170, 85,
82, 167, 84, 84, 167, 169,
170, 168, 85, 85, 168, 83,
80, 165, 82, 82, 165, 167,
168, 166, 83, 83, 166, 81,
91, 93, 145, 145, 93, 147,
148, 94, 146, 146, 94, 92,
93, 95, 147, 147, 95, 149,
150, 96, 148, 148, 96, 94,
95, 97, 149, 149, 97, 151,
152, 98, 150, 150, 98, 96,
97, 99, 151, 151, 99, 153,
154, 100, 152, 152, 100, 98,
99, 101, 153, 153, 101, 155,
156, 102, 154, 154, 102, 100,
101, 103, 155, 155, 103, 157,
158, 104, 156, 156, 104, 102,
103, 105, 157, 157, 105, 159,
160, 106, 158, 158, 106, 104,
105, 107, 159, 159, 107, 161,
162, 108, 160, 160, 108, 106,
109, 127, 161, 161, 127, 159,
160, 128, 162, 162, 128, 110,
127, 178, 159, 159, 178, 157,
158, 179, 160, 160, 179, 128,
125, 155, 178, 178, 155, 157,
158, 156, 179, 179, 156, 126,
123, 153, 125, 125, 153, 155,
156, 154, 126, 126, 154, 124,
121, 151, 123, 123, 151, 153,
154, 152, 124, 124, 152, 122,
119, 149, 121, 121, 149, 151,
152, 150, 122, 122, 150, 120,
117, 147, 119, 119, 147, 149,
150, 148, 120, 120, 148, 118,
115, 145, 117, 117, 145, 147,
148, 146, 118, 118, 146, 116,
134, 136, 173, 173, 136, 175,
175, 136, 174, 174, 136, 135,
132, 134, 171, 171, 134, 173,
174, 135, 172, 172, 135, 133,
165, 186, 167, 167, 186, 184,
185, 187, 168, 168, 187, 166,
184, 186, 68, 68, 186, 188,
188, 187, 68, 68, 187, 185,
139, 194, 141, 141, 194, 192,
193, 195, 142, 142, 195, 140,
80, 208, 165, 165, 208, 212,
213, 209, 166, 166, 209, 81,
208, 214, 212, 212, 214, 210,
211, 215, 213, 213, 215, 209,
134, 132, 217, 217, 132, 219,
220, 133, 218, 218, 133, 135,
136, 134, 216, 216, 134, 217,
218, 135, 216, 216, 135, 136,
216, 217, 230, 230, 217, 228,
229, 218, 230, 230, 218, 216,
221, 71, 224, 224, 71, 223,
223, 71, 225, 225, 71, 222,
223, 230, 224, 224, 230, 228,
229, 230, 225, 225, 230, 223,
182, 180, 231, 231, 180, 233,
234, 181, 232, 232, 181, 183,
111, 182, 253, 253, 182, 231,
232, 183, 254, 254, 183, 112,
109, 111, 255, 255, 111, 253,
254, 112, 256, 256, 112, 110,
180, 113, 233, 233, 113, 251,
252, 114, 234, 234, 114, 181,
113, 115, 251, 251, 115, 249,
250, 116, 252, 252, 116, 114,
115, 117, 249, 249, 117, 247,
248, 118, 250, 250, 118, 116,
117, 119, 247, 247, 119, 245,
246, 120, 248, 248, 120, 118,
119, 121, 245, 245, 121, 243,
244, 122, 246, 246, 122, 120,
121, 123, 243, 243, 123, 241,
242, 124, 244, 244, 124, 122,
123, 125, 241, 241, 125, 239,
240, 126, 242, 242, 126, 124,
125, 178, 239, 239, 178, 235,
236, 179, 240, 240, 179, 126,
178, 127, 235, 235, 127, 237,
238, 128, 236, 236, 128, 179,
127, 109, 237, 237, 109, 255,
256, 110, 238, 238, 110, 128,
99, 97, 291, 291, 97, 293,
294, 98, 292, 292, 98, 100,
97, 95, 293, 293, 95, 295,
296, 96, 294, 294, 96, 98,
95, 93, 295, 295, 93, 297,
298, 94, 296, 296, 94, 96,
307, 308, 337, 337, 308, 327,
328, 308, 338, 338, 308, 307,
306, 307, 335, 335, 307, 337,
338, 307, 336, 336, 307, 306,
305, 306, 339, 339, 306, 335,
336, 306, 340, 340, 306, 305,
88, 90, 339, 339, 90, 305,
305, 90, 340, 340, 90, 89,
82, 84, 331, 331, 84, 329,
330, 85, 332, 332, 85, 83,
329, 335, 331, 331, 335, 337,
338, 336, 332, 332, 336, 330,
325, 331, 327, 327, 331, 337,
338, 332, 328, 328, 332, 326,
80, 82, 325, 325, 82, 331,
332, 83, 326, 326, 83, 81,
76, 323, 303, 303, 323, 351,
352, 324, 303, 303, 324, 76,
303, 351, 77, 77, 351, 349,
350, 352, 77, 77, 352, 303,
75, 315, 76, 76, 315, 323,
324, 316, 76, 76, 316, 75,
301, 357, 302, 302, 357, 355,
356, 358, 302, 302, 358, 301,
302, 355, 74, 74, 355, 353,
354, 356, 74, 74, 356, 302,
74, 353, 75, 75, 353, 315,
316, 354, 75, 75, 354, 74,
291, 293, 363, 363, 293, 361,
362, 294, 364, 364, 294, 292,
363, 361, 365, 365, 361, 367,
368, 362, 366, 366, 362, 364,
365, 367, 371, 371, 367, 369,
370, 368, 372, 372, 368, 366,
315, 353, 377, 377, 353, 373,
374, 354, 378, 378, 354, 316,
353, 355, 373, 373, 355, 371,
372, 356, 374, 374, 356, 354,
355, 357, 371, 371, 357, 365,
366, 358, 372, 372, 358, 356,
357, 359, 365, 365, 359, 363,
364, 360, 366, 366, 360, 358,
293, 295, 361, 361, 295, 309,
310, 296, 362, 362, 296, 294,
399, 387, 401, 401, 387, 413,
414, 388, 402, 402, 388, 400,
399, 401, 397, 397, 401, 403,
404, 402, 398, 398, 402, 400,
397, 403, 395, 395, 403, 405,
406, 404, 396, 396, 404, 398,
395, 405, 393, 393, 405, 407,
408, 406, 394, 394, 406, 396,
393, 407, 391, 391, 407, 409,
410, 408, 392, 392, 408, 394,
391, 409, 389, 389, 409, 411,
412, 410, 390, 390, 410, 392,
409, 419, 411, 411, 419, 417,
418, 420, 412, 412, 420, 410,
407, 421, 409, 409, 421, 419,
420, 422, 410, 410, 422, 408,
405, 423, 407, 407, 423, 421,
422, 424, 408, 408, 424, 406,
403, 425, 405, 405, 425, 423,
424, 426, 406, 406, 426, 404,
401, 427, 403, 403, 427, 425,
426, 428, 404, 404, 428, 402,
401, 413, 427, 427, 413, 415,
416, 414, 428, 428, 414, 402,
429, 447, 449, 449, 447, 431,
432, 448, 450, 450, 448, 430,
413, 429, 415, 415, 429, 449,
450, 430, 416, 416, 430, 414,
415, 449, 475, 475, 449, 451,
452, 450, 476, 476, 450, 416,
449, 431, 451, 451, 431, 461,
462, 432, 452, 452, 432, 450,
427, 415, 463, 463, 415, 475,
476, 416, 464, 464, 416, 428,
425, 427, 465, 465, 427, 463,
464, 428, 466, 466, 428, 426,
423, 425, 467, 467, 425, 465,
466, 426, 468, 468, 426, 424,
421, 423, 469, 469, 423, 467,
468, 424, 470, 470, 424, 422,
419, 421, 471, 471, 421, 469,
470, 422, 472, 472, 422, 420,
417, 419, 473, 473, 419, 471,
472, 420, 474, 474, 420, 418,
457, 455, 477, 477, 455, 479,
480, 456, 478, 478, 456, 458,
477, 479, 483, 483, 479, 481,
482, 480, 484, 484, 480, 478,
483, 481, 485, 485, 481, 487,
488, 482, 486, 486, 482, 484,
463, 475, 491, 491, 475, 485,
486, 476, 492, 492, 476, 464,
451, 483, 475, 475, 483, 485,
486, 484, 476, 476, 484, 452,
451, 461, 483, 483, 461, 477,
478, 462, 484, 484, 462, 452,
471, 481, 473, 473, 481, 479,
480, 482, 474, 474, 482, 472,
469, 487, 471, 471, 487, 481,
482, 488, 472, 472, 488, 470,
391, 389, 501, 501, 389, 503,
504, 390, 502, 502, 390, 392,
393, 391, 499, 499, 391, 501,
502, 392, 500, 500, 392, 394,
399, 397, 493, 493, 397, 495,
496, 398, 494, 494, 398, 400,
387, 399, 505, 505, 399, 493,
494, 400, 506, 506, 400, 388,
493, 501, 505, 505, 501, 503,
504, 502, 506, 506, 502, 494,
493, 495, 501, 501, 495, 499,
500, 496, 502, 502, 496, 494,
