6118, 7267, 7268, 7268, 7267, 8412,
6134, 7279, 7280, 7280, 7279, 8413,
6150, 7291, 7292, 7292, 7291, 8414,
6166, 7303, 7304, 7304, 7303, 8418,
6182, 7315, 7316, 7316, 7315, 8415,
6198, 7327, 7328, 7328, 7327, 8419,
6214, 7339, 7340, 7340, 7339, 8417,
6230, 7351, 7352, 7352, 7351, 8416,
6246, 7268, 7362, 7362, 7268, 8412,
6262, 7373, 7315, 7315, 7373, 8415,
6278, 7352, 7382, 7382, 7352, 8416,
6294, 7393, 7279, 7279, 7393, 8413,
6310, 7328, 7402, 7402, 7328, 8419,
6326, 7413, 7303, 7303, 7413, 8418,
6342, 7292, 7422, 7422, 7292, 8414,
6358, 7433, 7339, 7339, 7433, 8417,
6374, 7340, 7433, 7433, 7340, 8417,
6390, 7422, 7291, 7291, 7422, 8414,
6406, 7280, 7393, 7393, 7280, 8413,
6422, 7382, 7351, 7351, 7382, 8416,
6438, 7316, 7373, 7373, 7316, 8415,
6454, 7362, 7267, 7267, 7362, 8412,
6470, 7304, 7413, 7413, 7304, 8418,
6486, 7402, 7327, 7327, 7402, 8419,
6502, 7507, 7508, 7508, 7507, 8420,
6518, 7519, 7520, 7520, 7519, 8421,
6534, 7531, 7532, 7532, 7531, 8422,
6550, 7543, 7544, 7544, 7543, 8423,
6566, 7555, 7556, 7556, 7555, 8424,
6582, 7567, 7568, 7568, 7567, 8427,
6598, 7579, 7580, 7580, 7579, 8426,
6614, 7591, 7592, 7592, 7591, 8425,
6630, 7508, 7602, 7602, 7508, 8420,
6646, 7613, 7555, 7555, 7613, 8424,
6662, 7592, 7622, 7622, 7592, 8425,
6678, 7633, 7519, 7519, 7633, 8421,
6694, 7520, 7633, 7633, 7520, 8421,
6710, 7622, 7591, 7591, 7622, 8425,
6726, 7580, 7658, 7658, 7580, 8426,
6742, 7669, 7531, 7531, 7669, 8422,
6758, 7532, 7669, 7669, 7532, 8422,
6774, 7658, 7579, 7579, 7658, 8426,
6790, 7568, 7694, 7694, 7568, 8427,
6806, 7705, 7543, 7543, 7705, 8423,
6822, 7556, 7613, 7613, 7556, 8424,
6838, 7602, 7507, 7507, 7602, 8420,
6854, 7544, 7705, 7705, 7544, 8423,
6870, 7694, 7567, 7567, 7694, 8427,
6886, 7747, 7748, 7748, 7747, 8434,
6902, 7759, 7760, 7760, 7759, 8429,
6918, 7771, 7772, 7772, 7771, 8428,
6934, 7783, 7784, 7784, 7783, 8433,
6950, 7795, 7796, 7796, 7795, 8435,
6966, 7807, 7808, 7808, 7807, 8432,
6982, 7819, 7759, 7759, 7819, 8429,
6998, 7748, 7828, 7828, 7748, 8434,
7014, 7839, 7840, 7840, 7839, 8431,
7030, 7851, 7783, 7783, 7851, 8433,
7046, 7772, 7860, 7860, 7772, 8428,
7062, 7871, 7872, 7872, 7871, 8430,
7078, 7828, 7747, 7747, 7828, 8434,
7094, 7784, 7851, 7851, 7784, 8433,
7110, 7840, 7898, 7898, 7840, 8431,
7126, 7909, 7795, 7795, 7909, 8435,
7142, 7760, 7819, 7819, 7760, 8429,
7158, 7808, 7926, 7926, 7808, 8432,
7174, 7937, 7871, 7871, 7937, 8430,
7190, 7860, 7771, 7771, 7860, 8428,
7206, 7898, 7839, 7839, 7898, 8431,
7222, 7872, 7937, 7937, 7872, 8430,
7238, 7926, 7807, 7807, 7926, 8432,
7254, 7796, 7909, 7909, 7796, 8435,
