298, 597, 594, 594, 597, 1158,
301, 602, 603, 603, 602, 1159,
304, 609, 610, 610, 609, 1160,
307, 617, 618, 618, 617, 1164,
314, 637, 634, 634, 637, 1161,
317, 642, 643, 643, 642, 1165,
320, 649, 650, 650, 649, 1163,
323, 657, 658, 658, 657, 1162,
330, 594, 674, 674, 594, 1158,
333, 681, 637, 637, 681, 1161,
336, 658, 685, 685, 658, 1162,
339, 692, 602, 602, 692, 1159,
346, 643, 706, 706, 643, 1165,
349, 713, 617, 617, 713, 1164,
352, 610, 717, 717, 610, 1160,
355, 724, 649, 649, 724, 1163,
362, 650, 724, 724, 650, 1163,
365, 717, 609, 609, 717, 1160,
368, 603, 692, 692, 603, 1159,
371, 685, 657, 657, 685, 1162,
378, 634, 681, 681, 634, 1161,
381, 674, 597, 597, 674, 1158,
384, 618, 713, 713, 618, 1164,
387, 706, 642, 642, 706, 1165,
394, 789, 786, 786, 789, 1166,
397, 794, 795, 795, 794, 1167,
400, 801, 802, 802, 801, 1168,
403, 809, 810, 810, 809, 1169,
410, 829, 826, 826, 829, 1170,
413, 834, 835, 835, 834, 1173,
416, 841, 842, 842, 841, 1172,
419, 849, 850, 850, 849, 1171,
426, 786, 866, 866, 786, 1166,
429, 873, 829, 829, 873, 1170,
432, 850, 877, 877, 850, 1171,
435, 884, 794, 794, 884, 1167,
442, 795, 884, 884, 795, 1167,
445, 877, 849, 849, 877, 1171,
448, 842, 905, 905, 842, 1172,
451, 912, 801, 801, 912, 1168,
458, 802, 912, 912, 802, 1168,
461, 905, 841, 841, 905, 1172,
464, 835, 933, 933, 835, 1173,
467, 940, 809, 809, 940, 1169,
474, 826, 873, 873, 826, 1170,
477, 866, 789, 789, 866, 1166,
480, 810, 940, 940, 810, 1169,
483, 933, 834, 834, 933, 1173,
490, 981, 978, 978, 981, 1180,
493, 986, 987, 987, 986, 1175,
496, 993, 994, 994, 993, 1174,
499, 1001, 1002, 1002, 1001, 1179,
506, 1021, 1018, 1018, 1021, 1181,
509, 1026, 1027, 1027, 1026, 1178,
512, 1033, 986, 986, 1033, 1175,
515, 978, 1038, 1038, 978, 1180,
522, 1057, 1054, 1054, 1057, 1177,
525, 1062, 1001, 1001, 1062, 1179,
528, 994, 1066, 1066, 994, 1174,
531, 1073, 1074, 1074, 1073, 1176,
538, 1038, 981, 981, 1038, 1180,
541, 1002, 1062, 1062, 1002, 1179,
544, 1054, 1097, 1097, 1054, 1177,
547, 1104, 1021, 1021, 1104, 1181,
554, 987, 1033, 1033, 987, 1175,
557, 1027, 1122, 1122, 1027, 1178,
560, 1128, 1073, 1073, 1128, 1176,
563, 1066, 993, 993, 1066, 1174,
570, 1097, 1057, 1057, 1097, 1177,
573, 1074, 1128, 1128, 1074, 1176,
576, 1122, 1026, 1026, 1122, 1178,
579, 1018, 1104, 1104, 1018, 1181,
