15430, 16579, 16580, 16580, 16579, 17724,
15446, 16591, 16592, 16592, 16591, 17725,
15462, 16603, 16604, 16604, 16603, 17726,
15478, 16615, 16616, 16616, 16615, 17730,
15494, 16627, 16628, 16628, 16627, 17727,
15510, 16639, 16640, 16640, 16639, 17731,
15526, 16651, 16652, 16652, 16651, 17729,
15542, 16663, 16664, 16664, 16663, 17728,
15558, 16580, 16674, 16674, 16580, 17724,
15574, 16685, 16627, 16627, 16685, 17727,
15590, 16664, 16694, 16694, 16664, 17728,
15606, 16705, 16591, 16591, 16705, 17725,
15622, 16640, 16714, 16714, 16640, 17731,
15638, 16725, 16615, 16615, 16725, 17730,
15654, 16604, 16734, 16734, 16604, 17726,
15670, 16745, 16651, 16651, 16745, 17729,
15686, 16652, 16745, 16745, 16652, 17729,
15702, 16734, 16603, 16603, 16734, 17726,
15718, 16592, 16705, 16705, 16592, 17725,
15734, 16694, 16663, 16663, 16694, 17728,
15750, 16628, 16685, 16685, 16628, 17727,
15766, 16674, 16579, 16579, 16674, 17724,
15782, 16616, 16725, 16725, 16616, 17730,
15798, 16714, 16639, 16639, 16714, 17731,
15814, 16819, 16820, 16820, 16819, 17732,
15830, 16831, 16832, 16832, 16831, 17733,
15846, 16843, 16844, 16844, 16843, 17734,
15862, 16855, 16856, 16856, 16855, 17735,
15878, 16867, 16868, 16868, 16867, 17736,
15894, 16879, 16880, 16880, 16879, 17739,
15910, 16891, 16892, 16892, 16891, 17738,
15926, 16903, 16904, 16904, 16903, 17737,
15942, 16820, 16914, 16914, 16820, 17732,
15958, 16925, 16867, 16867, 16925, 17736,
15974, 16904, 16934, 16934, 16904, 17737,
15990, 16945, 16831, 16831, 16945, 17733,
16006, 16832, 16945, 16945, 16832, 17733,
16022, 16934, 16903, 16903, 16934, 17737,
16038, 16892, 16970, 16970, 16892, 17738,
16054, 16981, 16843, 16843, 16981, 17734,
16070, 16844, 16981, 16981, 16844, 17734,
16086, 16970, 16891, 16891, 16970, 17738,
16102, 16880, 17006, 17006, 16880, 17739,
16118, 17017, 16855, 16855, 17017, 17735,
16134, 16868, 16925, 16925, 16868, 17736,
16150, 16914, 16819, 16819, 16914, 17732,
16166, 16856, 17017, 17017, 16856, 17735,
16182, 17006, 16879, 16879, 17006, 17739,
16198, 17059, 17060, 17060, 17059, 17746,
16214, 17071, 17072, 17072, 17071, 17741,
16230, 17083, 17084, 17084, 17083, 17740,
16246, 17095, 17096, 17096, 17095, 17745,
16262, 17107, 17108, 17108, 17107, 17747,
16278, 17119, 17120, 17120, 17119, 17744,
16294, 17131, 17071, 17071, 17131, 17741,
16310, 17060, 17140, 17140, 17060, 17746,
16326, 17151, 17152, 17152, 17151, 17743,
16342, 17163, 17095, 17095, 17163, 17745,
16358, 17084, 17172, 17172, 17084, 17740,
16374, 17183, 17184, 17184, 17183, 17742,
16390, 17140, 17059, 17059, 17140, 17746,
16406, 17096, 17163, 17163, 17096, 17745,
16422, 17152, 17210, 17210, 17152, 17743,
16438, 17221, 17107, 17107, 17221, 17747,
16454, 17072, 17131, 17131, 17072, 17741,
16470, 17120, 17238, 17238, 17120, 17744,
16486, 17249, 17183, 17183, 17249, 17742,
16502, 17172, 17083, 17083, 17172, 17740,
16518, 17210, 17151, 17151, 17210, 17743,
16534, 17184, 17249, 17249, 17184, 17742,
16550, 17238, 17119, 17119, 17238, 17744,
16566, 17108, 17221, 17221, 17108, 17747,
